@id,@form,@lemma,@postag,@relation
1,ἄνδρες,ἀνήρ,n-p---mv-,ExD
2,οἱ,ὁ,l-p---mv-,ATR
3,περιλειπόμενοι,περιλείπομαι,v-pppmmn-,ATR
4,Ῥοδίων,Ῥόδιος,a-p---mg-,OBJ
5,",",",",u--------,AuxX
6,τῶν,ὁ,l-p---ng-,ATR
7,μὲν,μέν,g--------,AuxY
8,συμβεβηκότων,συμβαίνω,v-prpang-,ADV
9,οὔ,οὐ,d--------,AuxZ
10,-τε,τε,c--------,AuxY
11,ἐπιλαθέσθαι,ἐπιλανθάνω,v--anm---,ADV_CO
12,ῥᾴδιον,ῥᾴδιος,a-s---nn-,PNOM
13,οὔ,οὐ,d--------,AuxZ
14,-τε,τε,c--------,COORD
15,μεμνημένους,μιμνῄσκω,v-prpmma-,ADV_CO
16,μετρίως,μέτριος,d--------,ADV
17,φέρειν,φέρω,v--pna---,CO
18,.,.,u--------,AuxK
19,E,E,z--------,PRED
20,μὴ,μή,d--------,AuxZ
21,γὰρ,γάρ,g--------,AuxY
22,ὅτι,ὅτι,c--------,AuxC
23,ὑμῖν,σύ,p-p---cd-,OBJ_CO
24,",",",",u--------,AuxX
25,οἵ,ὅς,p-p---mn-,SBJ
26,ποτε,ποτέ,d--------,ADV
27,εὔχεσθε,εὔχομαι,v2ppim---,ATR
28,Ῥόδον,Ῥόδος,n-s---fa-,OBJ
29,οἰκεῖν,οἰκέω,v--pna---,OBJ
30,",",",",u--------,AuxX
31,ἀλλὰ,ἀλλά,c--------,COORD
32,καὶ,καί,c--------,AuxZ
33,τοῖς,ὁ,l-p---md-,ATR
34,ὅλως,ὅλος,d--------,ADV
35,τελοῦσιν,τελέω,v-pppamd-,OBJ_CO
36,εἰς,εἰς,r--------,AuxP
37,Ἕλληνας,Ἕλλην,n-p---ma-,OBJ
38,",",",",u--------,AuxX
39,τίς,τίς,p-s---cn-,ATR
40,ἂν,ἄν,g--------,AuxY
41,μείζων,μέγας,a-s---fnc,ATR
42,συμφορὰ,συμφορά,n-s---fn-,SBJ
43,τῆς,ὁ,l-s---fg-,ATR
44,παρούσης,πάρειμι,v-sppafg-,ATR
45,γένοιτο,γίγνομαι,v3saom---,OBJ
46,",",",",u--------,AuxX
47,τοῦ,ὁ,l-s---mg-,ATR
48,κόσμου,κόσμος,n-s---mg-,SBJ
49,τοῦ,ὁ,l-s---ng-,ATR
50,κοινοῦ,κοινός,a-s---ng-,ATR
51,γένους,γένος,n-s---ng-,SBJ
52,ἀπολωλότος,ἀπόλλυμι,v-srpang-,ADV
53,;,;,u--------,AuxK
54,E,E,z--------,PRED
55,μάλιστα,μάλα,d-------s,ADV
56,δ’,δέ,c--------,AuxY
57,ἄν,ἄν,g--------,AuxY
58,τις,τις,p-s---cn-,SBJ
59,στενάξειεν,στενάζω,v3saoa---,PRED
60,ἐνθυμηθεὶς,ἐνθυμέομαι,v-sapmmn-,ADV
61,ὅτι,ὅτι,c--------,AuxC
62,πρόσθεν,πρόσθεν,d--------,ADV
63,μὲν,μέν,g--------,AuxY
64,τοῦτο,οὗτος,p-s---na-,OBJ
65,μέγιστον,μέγας,a-s---nas,OCOMP
66,εἰπεῖν,λέγω,v--ana---,SBJ
67,ἦν,εἰμί,v3siia---,OBJ
68,περὶ,περί,r--------,AuxP
69,τῆς,ὁ,l-s---fg-,ATR
70,πόλεως,πόλις,n-s---fg-,ADV
71,διαλεγόμενον,διαλέγω,v-sppmma-,ADV
72,",",",",u--------,AuxX
73,ὅτι,ὅτι,c--------,AuxC
74,παρὰ,παρά,r--------,AuxP
75,μὲν,μέν,g--------,AuxY
76,τοῖς,ὁ,l-p---md-,ATR
77,ἄλλοις,ἄλλος,p-p---md-,ADV
78,λόγους,λόγος,n-p---ma-,OBJ
79,ἐστὶν,εἰμί,v3spia---,APOS_CO
80,ἀκοῦσαι,ἀκούω,v--ana---,SBJ_CO
81,καὶ,καί,c--------,COORD
82,τροπαίου,τρόπαιον,n-s---ng-,ATR
83,τι,τις,p-s---na-,ATR
84,λοιπὸν,λοιπός,a-s---na-,ADV
85,ἰδεῖν,ὁράω,v--ana---,SBJ_CO
86,καὶ,καί,c--------,AuxY
87,μνῆμα,μνῆμα,n-s---na-,OBJ_CO
88,καὶ,καί,c--------,COORD
89,κρήνην,κρήνη,n-s---fa-,OBJ_CO
90,",",",",u--------,AuxX
91,καὶ,καί,c--------,AuxY
92,δείκνυσιν,δείκνυμι,v3spia---,APOS_CO
93,ὁ,ὁ,l-s---mn-,ATR
94,περιάγων,περιάγω,v-sppamn-,SBJ
95,ἐν,ἐν,r--------,AuxP
96,ἀμυδροῖς,ἀμυδρός,a-p---nd-,ATR
97,τοῖς,ὁ,l-p---nd-,ATR
98,γνωρίσμασιν,γνώρισμα,n-p---nd-,ADV
99,",",",",u--------,AuxX
100,οὑτοσὶ,οὗτος,p-s---mn-,ATR
101,μὲν,μέν,g--------,AuxY
102,Σεμέλης,Σεμέλη,n-s---fg-,ATR
103,θάλαμος,θάλαμος,n-s---mn-,PNOM
104,",",",",u--------,AuxX
105,οὑτοσὶ,οὗτος,p-s---mn-,SBJ
106,δὲ,δέ,c--------,AuxY
107,Ἁρμονίας,Ἁρμονία,n-s---fg-,PNOM
108,",",",",u--------,AuxX
109,ἢ,ἤ,c--------,AuxY
110,Λήδας,Λήδη,n-s---fg-,CO
111,",",",",u--------,AuxX
112,ἤ,ἤ,c--------,AuxY
113,τι,τις,p-s---na-,OBJ
114,τῶν,ὁ,l-p---ng-,ATR
115,τοιούτων,τοιοῦτος,p-p---ng-,ATR
116,",",",",u--------,AuxX
117,παρ’,παρά,r--------,AuxP
118,ὑμῖν,σύ,p-p---cd-,ADV
119,δὲ,δέ,c--------,COORD
120,μόνοις,μόνος,a-p---md-,ATR
121,γενόμενον,γίγνομαι,v-sapmma-,ADV
122,ἦν,εἰμί,v3siia---,APOS_CO
123,ἰδεῖν,ὁράω,v--ana---,SBJ
124,ἀκριβῶς,ἀκριβής,d--------,ADV
125,",",",",u--------,AuxX
126,οὐκ,οὐ,d--------,AuxZ
127,ἀκοῦσαι,ἀκούω,v--ana---,SBJ
128,τὴν,ὁ,l-s---fa-,ATR
129,πόλιν,πόλις,n-s---fa-,OBJ
130,ἥτις,ὅστις,p-s---fn-,SBJ
131,ἦν,εἰμί,v3siia---,ATR
132,.,.,u--------,AuxK
133,E,E,z--------,APOS_CO
134,E,E,z--------,UNLINKED
135,ὥσπερ,ὥσπερ,c--------,ADV
136,γὰρ,γάρ,g--------,AuxY
137,ἀρτίως,ἄρτιος,d--------,ADV
138,ἀπειργασμένης,ἀπεργάζομαι,v-srpmfg-,ADV
139,ἅπαντα,ἅπας,p-p---nn-,SBJ
140,ἐφαίνετο,φαίνω,v3siim---,PRED
141,",",",",u--------,AuxX
142,ὥστ’,ὥστε,c--------,AuxC
143,εἶναι,εἰμί,v--pna---,ADV
144,τὸ,ὁ,l-s---na-,ATR
145,πρᾶγμα,πρᾶγμα,n-s---na-,SBJ
146,μὴ,μή,d--------,AuxZ
147,θρήνῳ,θρῆνος,n-s---md-,ADV
148,προσεοικὸς,προσέοικα,v-srpana-,PNOM_CO
149,",",",",u--------,AuxX
150,ἀλλ’,ἀλλά,c--------,AuxY
151,ἔκπληξιν,ἔκπληξις,n-s---fa-,OBJ_CO
152,καὶ,καί,c--------,COORD
153,ζῆλον,ζῆλος,n-s---ma-,OBJ_CO
154,ἅπασιν,ἅπας,p-p---md-,ATR
155,ἔχον,ἔχω,v-sppana-,PNOM_CO
156,τοῖς,ὁ,l-p---md-,ATR
157,ὁρῶσιν,ὁράω,v-pppamd-,OBJ
158,.,.,u--------,AuxK
159,εἰσπλέοντι,εἰσπλέω,v-sppamd-,ADV
160,μὲν,μέν,g--------,AuxY
161,εὐθὺς,εὐθύς,d--------,ADV
162,λιμένες,λιμήν,n-p---mn-,SBJ_CO
163,τοσοῦτοι,τοσοῦτος,p-p---mn-,ATR
164,καὶ,καί,c--------,COORD
165,τηλικοῦτοι,τηλικοῦτος,p-p---mn-,SBJ_CO
166,",",",",u--------,AuxX
167,προβλῆσι,προβλής,n-p---md-,OBJ
168,λίθοις,λίθος,n-p---md-,ADV
169,εἰς,εἰς,r--------,AuxP
170,τὸ,ὁ,l-s---na-,ATR
171,πέλαγος,πέλαγος,n-s---na-,OBJ
172,ἐξανεστηκότες,ἐξανίστημι,v-prpamn-,ADV
173,",",",",u--------,AuxX
174,οἱ,ὁ,l-p---mn-,SBJ
175,μὲν,μέν,g--------,AuxY
176,τοὺς,ὁ,l-p---ma-,OBJ
177,ἀπ’,ἀπό,r--------,AuxP
178,Ἰωνίας,Ἰωνία,n-s---fg-,ATR
179,",",",",u--------,AuxX
180,οἱ,ὁ,l-p---mn-,ATR
181,δὲ,δέ,c--------,AuxY
182,τοὺς,ὁ,l-p---ma-,OBJ
183,ἀπὸ,ἀπό,r--------,AuxP
184,Καρίας,Καρία,n-s---fg-,ATR
185,δεχόμενοι,δέχομαι,v-pppmmn-,SBJ
186,",",",",u--------,AuxX
187,οἱ,ὁ,l-p---mn-,SBJ
188,δὲ,δέ,c--------,AuxY
189,τοὺς,ὁ,l-p---ma-,OBJ
190,ἀπ’,ἀπό,r--------,AuxP
191,Αἰγύπτου,Αἴγυπτος,n-s---fg-,ATR_CO
192,καὶ,καί,c--------,AuxY
193,Κύπρου,Κύπρος,n-s---fg-,ATR_CO
194,καὶ,καί,c--------,COORD
195,Φοινίκης,Φοινίκη,n-s---fg-,ATR_CO
196,",",",",u--------,AuxX
197,ὥσπερ,ὥσπερ,c--------,AuxC
198,ἄλλος,ἄλλος,p-s---mn-,SBJ
199,ἄλλῃ,ἄλλος,p-s---fd-,ATR
200,πόλει,πόλις,n-s---fd-,OBJ
201,πεποιημένος,ποιέω,v-srpmmn-,ADV
202,εἰς,εἰς,r--------,AuxP
203,ὑποδοχήν,ὑποδοχή,n-s---fa-,ADV
204,.,.,u--------,AuxK
205,E,E,z--------,PRED
206,E,E,z--------,ADV
207,E,E,z--------,UNLINKED
208,ἐπικείμενα,ἐπίκειμαι,v-prpmnn-,PNOM
209,δὲ,δέ,c--------,AuxY
210,τοῖς,ὁ,l-p---md-,ATR
211,λιμέσι,λιμήν,n-p---md-,OBJ
212,τὰ,ὁ,l-p---nn-,ATR
213,νεώρια,νεώριον,n-p---nn-,SBJ
214,ὅσα,ὅσος,p-p---nn-,SBJ
215,καὶ,καί,c--------,AuxZ
216,οἷα,οἷος,p-p---nn-,PNOM
217,ἦν,εἰμί,v3siia---,ATR
218,",",",",u--------,AuxX
219,ὅτε,ὅτε,c--------,AuxC
220,τῆς,ὁ,l-s---fg-,ATR
221,θαλάττης,θάλασσα,n-s---fg-,OBJ
222,ἐκρατεῖτε,κρατέω,v2piia---,ADV
223,",",",",u--------,AuxX
224,καὶ,καί,c--------,AuxY
225,οὐδὲν,οὐδείς,p-s---na-,ADV
226,ἐλάττω,ἐλαχύς,a-p---nnc,PNOM
227,παρὰ,παρά,r--------,AuxP
228,τὸν,ὁ,l-s---ma-,ATR
229,χρόνον,χρόνος,n-s---ma-,ADV
230,",",",",u--------,AuxX
231,οὐ,οὐ,d--------,AuxZ
232,-δ’,δέ,c--------,AuxY
233,εἰκάζειν,εἰκάζω,v--pna---,SBJ
234,ἀναγκάζοντα,ἀναγκάζω,v-sppama-,ADV_CO
235,ὅπου,ὅπου,d--------,ADV
236,ποτ’,ποτέ,d--------,ADV
237,ἦν,εἰμί,v3siia---,OBJ
238,ἄρα,ἄρα,g--------,AuxY
239,",",",",u--------,AuxX
240,ἀλλ’,ἀλλά,c--------,COORD
241,αὐτὰ,αὐτός,p-p---na-,OBJ
242,ὁρώμενα,ὁράω,v-pppmna-,ADV
243,ἐκπλήττοντα,ἐκπλήσσω,v-sppama-,ADV_CO
244,.,.,u--------,AuxK
245,E,E,z--------,PRED
246,ὧν,ὅς,p-p---mg-,ATR
247,καὶ,καί,c--------,AuxY
248,τὰς,ὁ,l-p---fa-,ATR
249,στέγας,στέγη,n-p---fa-,OBJ
250,εἴ,εἰ,c--------,AuxC
251,τις,τις,p-s---cn-,SBJ
252,ἄνωθεν,ἄνωθεν,d--------,ADV
253,κατεθεάσατο,καταθεάομαι,v3saim---,ADV
254,",",",",u--------,AuxX
255,εἴκασεν,εἰκάζω,v3saia---,PRED
256,ἂν,ἄν,g--------,AuxY
257,πεδίῳ,πεδίον,n-s---nd-,OBJ
258,κρεμαστῷ,κρεμαστός,a-s---nd-,ATR
259,τινι,τις,p-s---nd-,ATR
260,.,.,u--------,AuxK
261,τριήρεις,τριήρης,n-p---fa-,OBJ
262,δ’,δέ,c--------,AuxY
263,ἐπὶ,ἐπί,r--------,AuxP
264,τούτοις,οὗτος,p-p---nd-,ADV
265,ὑπῆρχεν,ὑπάρχω,v3siia---,PRED
266,ἰδεῖν,ὁράω,v--ana---,SBJ
267,δικρότους,δίκροτος,a-p---fa-,ATR_CO
268,καὶ,καί,c--------,COORD
269,τρικρότους,τρίκροτος,a-p---fa-,ATR_CO
270,καὶ,καί,c--------,AuxY
271,εἰς,εἰς,r--------,AuxP
272,ἑπτὰ,ἑπτά,m--------,ADV_CO
273,καὶ,καί,c--------,COORD
274,εἰς,εἰς,r--------,AuxP
275,ἐννέα,ἐννέα,m--------,ATR
276,στοίχους,στοῖχος,n-p---ma-,ADV_CO
277,",",",",u--------,AuxX
278,τὰς,ὁ,l-p---fa-,ATR
279,μὲν,μέν,g--------,AuxY
280,πλοΐμους,πλοϊμος,a-p---fa-,APOS_CO
281,",",",",u--------,AuxX
282,τὰς,ὁ,l-p---fa-,ATR
283,δ’,δέ,c--------,COORD
284,ἀποκειμένας,ἀπόκειμαι,v-pppmfa-,APOS_CO
285,ὥσπερ,ὥσπερ,c--------,AuxC
286,ἐν,ἐν,r--------,AuxP
287,ταμιείῳ,ταμιεῖον,n-s---nd-,ADV
288,.,.,u--------,AuxK
289,E,E,z--------,ADV
290,ὧν,ὅς,p-p---fg-,ATR
291,εἴ,εἰ,c--------,AuxC
292,τις,τις,p-s---cn-,SBJ
293,ἐβούλετο,βούλομαι,v3siim---,ADV
294,πλεῖν,πλέω,v--pna---,OBJ
295,ἡντινοῦν,ὅστις,p-s---fa-,OBJ
296,καθελκύσας,καθέλκω,v-sapamn-,ADV
297,",",",",u--------,AuxX
298,ἐξῆν,ἔξεστι,v3siia---,PRED
299,.,.,u--------,AuxK
300,ἑτέρων,ἕτερος,p-p---mg-,ATR
301,δ’,δέ,c--------,COORD
302,ἐμβόλους,ἔμβολος,n-p---ma-,OBJ
303,χαλκοστόμους,χαλκόστομος,a-p---ma-,ATR
304,",",",",u--------,AuxX
305,τοὺς,ὁ,l-p---ma-,ATR_CO
306,μὲν,μέν,g--------,AuxY
307,περὶ,περί,r--------,AuxP
308,τοὺς,ὁ,l-p---ma-,ATR
309,λιμένας,λιμήν,n-p---ma-,ATR
310,",",",",u--------,AuxX
311,τοὺς,ὁ,l-p---ma-,SBJ
312,δὲ,δέ,c--------,COORD
313,ἐν,ἐν,r--------,AuxP
314,τοῖς,ὁ,l-p---md-,ATR
315,ἄνω,ἄνω,d--------,ATR
316,τόποις,τόπος,n-p---md-,ADV
317,τῆς,ὁ,l-s---fg-,ATR
318,πόλεως,πόλις,n-s---fg-,ATR
319,μεμερισμένους,μερίζω,v-prpmma-,ATR_CO
320,σὺν,σύν,r--------,AuxP
321,πολλοῖς,πολύς,a-p---nd-,ATR_CO
322,καὶ,καί,c--------,COORD
323,λαμπροῖς,λαμπρός,a-p---nd-,ATR_CO
324,τοῖς,ὁ,l-p---nd-,ATR
325,λαφύροις,λάφυρα,n-p---nd-,ADV
326,",",",",u--------,AuxX
327,τοὺς,ὁ,l-p---ma-,OBJ
328,μὲν,μέν,g--------,AuxY
329,ἀπὸ,ἀπό,r--------,AuxP
330,τοῦ,ὁ,l-s---ng-,ATR
331,Τυρρηνῶν,Τυρρηνός,n-p---mg-,ATR
332,λῃστικοῦ,λῃστικός,a-s---ng-,ADV
333,",",",",u--------,AuxX
334,τοὺς,ὁ,l-p---ma-,CO
335,δ’,δέ,c--------,AuxY
336,ἀπὸ,ἀπό,r--------,AuxP
337,τῶν,ὁ,l-p---ng-,ATR
338,ἔργων,ἔργον,n-p---ng-,ATR
339,τῶν,ὁ,l-p---ng-,ATR
340,σὺν,σύν,r--------,AuxP
341,Ἀλεξάνδρῳ,Ἀλέξανδρος,n-s---md-,ATR
342,",",",",u--------,AuxX
343,τοὺς,ὁ,l-p---ma-,SBJ
344,δ’,δέ,c--------,AuxY
345,εἴ,εἰ,c--------,AuxC
346,ποθεν,ποθεν,d--------,ADV
347,αὐτῶν,αὐτός,p-p---mg-,ATR
348,ἕκαστος,ἕκαστος,p-s---mn-,SBJ
349,εἰσῆκτο,εἰσάγω,v3slim---,ADV
350,εἰς,εἰς,r--------,AuxP
351,τὴν,ὁ,l-s---fa-,ATR
352,πόλιν,πόλις,n-s---fa-,OBJ
353,.,.,u--------,AuxK
354,E,E,z--------,PRED_CO
355,E,E,z--------,PRED_CO
356,E,E,z--------,UNLINKED
357,τεμένη,τέμενος,n-p---na-,OBJ_CO
358,δὲ,δέ,c--------,AuxY
359,θεῶν,θεός,n-p---mg-,ATR
360,καὶ,καί,c--------,AuxY
361,ἱερὰ,ἱερόν,n-p---na-,OBJ_CO
362,καὶ,καί,c--------,COORD
363,ἀγάλματα,ἄγαλμα,n-p---na-,OBJ_CO
364,τοσαῦτα,τοσοῦτος,p-p---na-,ATR
365,μὲν,μέν,g--------,AuxY
366,τὸ,ὁ,l-s---na-,ATR
367,πλῆθος,πλῆθος,n-s---na-,OBJ
368,",",",",u--------,AuxX
369,τηλικαῦτα,τηλικοῦτος,p-p---na-,ATR
370,δὲ,δέ,c--------,AuxY
371,τὸ,ὁ,l-s---na-,ATR
372,μέγεθος,μέγεθος,n-s---na-,CO
373,",",",",u--------,AuxX
374,τοιαῦτα,τοιοῦτος,p-p---na-,ATR
375,δὲ,δέ,c--------,AuxY
376,τὸ,ὁ,l-s---na-,ATR
377,κάλλος,κάλλος,n-s---na-,OBJ
378,",",",",u--------,AuxX
379,ὥστ’,ὥστε,c--------,AuxC
380,ἄξια,ἄξιος,a-p---na-,PNOM
381,εἶναι,εἰμί,v--pna---,ADV_CO
382,τῶν,ὁ,l-p---ng-,ATR
383,ἄλλων,ἄλλος,p-p---ng-,ATR
384,ἔργων,ἔργον,n-p---ng-,ADV
385,χαριστήρια,χαριστήριος,a-p---na-,PNOM
386,",",",",u--------,AuxX
387,καὶ,καί,c--------,COORD
388,ὡς,ὡς,c--------,AuxC
389,μὴ,μή,d--------,AuxZ
390,εἶναι,εἰμί,v--pna---,ADV_CO
391,διακρῖναι,διακρίνω,v--ana---,SBJ
392,τί,τίς,p-s---na-,OBJ
393,τις,τις,p-s---cn-,SBJ
394,αὐτῶν,αὐτός,p-p---ng-,ATR
395,μᾶλλον,μάλα,d-------c,ADV
396,θαυμάσειεν,θαυμάζω,v3saoa---,OBJ
397,·,·,u--------,AuxK
398,E,E,z--------,PRED
399,ὧν,ὅς,p-p---ng-,ATR
400,γε,γε,g--------,AuxZ
401,καὶ,καί,c--------,AuxZ
402,ἓν,εἷς,m-s---nn-,SBJ
403,τὸ,ὁ,l-s---nn-,ATR
404,τυχὸν,τυγχάνω,v-sapann-,ATR
405,ἱκανὴν,ἱκανός,a-s---fa-,ATR
406,ἑτέρᾳ,ἕτερος,p-s---fd-,ATR
407,πόλει,πόλις,n-s---fd-,OBJ
408,φιλοτιμίαν,φιλοτιμία,n-s---fa-,OBJ
409,εἶχεν,ἔχω,v3siia---,PRED
410,.,.,u--------,AuxK
411,ἐπὶ,ἐπί,r--------,AuxP
412,δὲ,δέ,c--------,AuxY
413,τούτοις,οὗτος,p-p---nd-,ADV
414,εἰκόνας,εἰκών,n-p---fa-,OBJ
415,μὲν,μέν,g--------,AuxY
416,χαλκᾶς,χάλκεος,a-p---fa-,ATR
417,πρὸς,πρός,r--------,AuxP
418,ἁπάσας,ἅπας,p-p---fa-,ATR
419,τὰς,ὁ,l-p---fa-,ATR
420,ἐν,ἐν,r--------,AuxP
421,τῇ,ὁ,l-s---fd-,ATR
422,λοιπῇ,λοιπός,a-s---fd-,ATR
423,Ἑλλάδι,Ἑλλάς,n-s---fd-,ATR
424,",",",",u--------,AuxX
425,γραφὰς,γραφή,n-p---fa-,OBJ
426,δὲ,δέ,c--------,AuxY
427,τέχνης,τέχνη,n-s---fg-,ATR
428,πάσης,πᾶς,p-s---fg-,ATR
429,ἄλλας,ἄλλος,p-p---fa-,ATR
430,ἀλλαχοῦ,ἀλλαχοῦ,d--------,ADV
431,τῆς,ὁ,l-s---fg-,ATR
432,πόλεως,πόλις,n-s---fg-,ADV
433,ἀνακειμένας,ἀνάκειμαι,v-pppmfa-,ATR
434,",",",",u--------,AuxX
435,καὶ,καί,c--------,AuxY
436,κόσμους,κόσμος,n-p---ma-,CO
437,τοὺς,ὁ,l-p---ma-,ATR
438,μὲν,μέν,g--------,AuxY
439,μόνους,μόνος,a-p---ma-,ADV
440,ὄντας,εἰμί,v-pppama-,ATR
441,ἐνταῦθα,ἐνταῦθα,d--------,ADV
442,",",",",u--------,AuxX
443,τοὺς,ὁ,l-p---ma-,ATR
444,δὲ,δέ,c--------,AuxY
445,καλλίστους,καλός,a-p---mas,PNOM
446,·,·,u--------,AuxK
447,E,E,z--------,PRED
448,καὶ,καί,c--------,AuxY
449,τὴν,ὁ,l-s---fa-,ATR
450,μὲν,μέν,g--------,AuxY
451,ἀκρόπολιν,ἀκρόπολις,n-s---fa-,OBJ
452,πεδίων,πεδίον,n-p---ng-,ADV_CO
453,καὶ,καί,c--------,COORD
454,ἀλσῶν,ἄλσος,n-p---ng-,ADV_CO
455,μεστὴν,μεστός,a-s---fa-,PNOM
456,",",",",u--------,AuxX
457,τῆς,ὁ,l-s---fg-,ATR
458,δ’,δέ,c--------,AuxY
459,ἄλλης,ἄλλος,p-s---fg-,ATR
460,πόλεως,πόλις,n-s---fg-,ATR
461,οὐδὲν,οὐδείς,p-s---na-,OBJ
462,ἕτερον,ἕτερος,p-s---na-,ATR
463,ἑτέρου,ἕτερος,p-s---ng-,ATR
464,ὑπερέχον,ὑπερέχω,v-sppana-,ADV_CO
465,",",",",u--------,AuxX
466,ἀλλὰ,ἀλλά,c--------,AuxY
467,διαρκῆ,διαρκής,a-s---fa-,PNOM_CO
468,καὶ,καί,c--------,COORD
469,ἴσην,ἴσος,a-s---fa-,PNOM_CO
470,τὴν,ὁ,l-s---fa-,ATR
471,κατασκευὴν,κατασκευή,n-s---fa-,SBJ
472,οὖσαν,εἰμί,v-sppafa-,ADV_CO
473,",",",",u--------,AuxX
474,ὡς,ὡς,c--------,AuxC
475,γένοιτ’,γίγνομαι,v3saom---,ADV
476,ἂν,ἄν,g--------,AuxY
477,οὐ,οὐ,d--------,AuxZ
478,πόλεως,πόλις,n-s---fg-,PNOM_CO
479,",",",",u--------,AuxX
480,ἀλλὰ,ἀλλά,c--------,COORD
481,μιᾶς,εἷς,m-s---fg-,ATR
482,οἰκίας,οἰκία,n-s---fg-,PNOM_CO
483,.,.,u--------,AuxK
484,E,E,z--------,PRED
485,ἀγυιὰς,ἀγυιά,n-p---fa-,SBJ
486,δὲ,δέ,c--------,AuxY
487,ἐξ,ἐκ,r--------,AuxP
488,ἀρχῆς,ἀρχή,n-s---fg-,ADV
489,εἰς,εἰς,r--------,AuxP
490,τέλος,τέλος,n-s---na-,ADV
491,διηνεκεῖς,διηνεκής,a-p---fa-,ATR
492,",",",",u--------,AuxX
493,ἥκιστα,ἦκα,a-p---nas,ADV
494,ἀξίας,ἀξία,n-p---fa-,PNOM
495,καλεῖσθαι,καλέω,v--pnm---,OBJ
496,στενωπούς,στενωπός,a-p---ma-,ATR
497,·,·,u--------,AuxK
498,E,E,z--------,PRED
499,λαμπρὰν,λαμπρός,a-s---fa-,ADV
500,δὲ,δέ,c--------,AuxY
501,λαμπρῶς,λαμπρός,d--------,ADV
502,ἀποτεταμένην,ἀποτείνω,v-srpmfa-,ADV
503,πανταχῆ,πανταχῇ,d--------,ADV
504,τὴν,ὁ,l-s---fa-,ATR
505,πόλιν,πόλις,n-s---fa-,OBJ
506,.,.,u--------,AuxK
507,E,E,z--------,PRED
508,τὸ,ὁ,l-s---na-,ATR
509,δὲ,δέ,c--------,AuxY
510,ἐπὶ,ἐπί,r--------,AuxP
511,πᾶσι,πᾶς,p-p---nd-,ADV
512,καὶ,καί,c--------,AuxY
513,πρὸ,πρό,r--------,AuxP
514,πάντων,πᾶς,p-p---ng-,ADV
515,θαῦμα,θαῦμα,n-s---na-,OBJ_CO
516,καὶ,καί,c--------,COORD
517,ὀφθαλμοῖς,ὀφθαλμός,n-p---md-,OBJ_CO
518,κόρον,κόρος,n-s---ma-,OBJ
519,οὐκ,οὐ,d--------,AuxZ
520,ἔχον,ἔχω,v-sppana-,OBJ
521,",",",",u--------,AuxX
522,τὸν,ὁ,l-s---ma-,ATR
523,τῶν,ὁ,l-p---ng-,ATR
524,τειχῶν,τεῖχος,n-p---ng-,ATR
525,κύκλον,κύκλος,n-s---ma-,APOS_CO
526,καὶ,καί,c--------,AuxY
527,τῶν,ὁ,l-p---mg-,ATR
528,ἐγκαταμεμιγμένων,ἐγκαταμίγνυμαι,v-prpmmg-,ATR
529,πύργων,πύργος,n-p---mg-,ATR
530,τὸ,ὁ,l-s---na-,ATR
531,ὕψος,ὕψος,n-s---na-,APOS_CO
532,καὶ,καί,c--------,COORD
533,κάλλος,κάλλος,n-s---na-,APOS_CO
534,",",",",u--------,AuxX
535,ἀντὶ,ἀντί,r--------,AuxP
536,λαμπτήρων,λαμπτήρ,n-p---mg-,ADV
537,τοῖς,ὁ,l-p---md-,ATR
538,προσπλέουσιν,προσπλέω,v-pppamd-,PNOM
539,ὂν,εἰμί,v-sppana-,PRED
540,",",",",u--------,AuxX
541,ὥστ’,ὥστε,c--------,AuxC
542,εἶναι,εἰμί,v--pna---,ADV
543,μόνον,μόνος,d--------,ADV
544,τοῖς,ὁ,l-p---md-,ATR
545,εἰς,εἰς,r--------,AuxP
546,Ῥόδον,Ῥόδος,n-s---fa-,ADV
547,καταίρουσι,καταίρω,v-pppamd-,PNOM_CO
548,καὶ,καί,c--------,COORD
549,προσορῶσι,προσοράω,v-pppamd-,PNOM_CO
550,μείζοσιν,μέγας,a-p---mdc,PNOM
551,εὐθὺς,εὐθύς,d--------,ADV
552,τὴν,ὁ,l-s---fa-,ATR
553,γνώμην,γνώμη,n-s---fa-,SBJ
554,γίγνεσθαι,γίγνομαι,v--pnm---,SBJ
555,.,.,u--------,AuxK
556,E,E,z--------,UNLINKED
557,τὸ,ὁ,l-s---nn-,ATR
558,δὲ,δέ,c--------,AuxY
559,πάντων,πᾶς,p-p---ng-,ATR
560,κάλλιστον,καλός,a-s---nns,PNOM
561,οὐκ,οὐ,d--------,AuxZ
562,ἀπηρτημένον,ἀπαρτάω,v-srpmma-,ADV_CO
563,τὸν,ὁ,l-s---ma-,ATR
564,κύκλον,κύκλος,n-s---ma-,OBJ
565,τοῦτον,οὗτος,p-s---ma-,ATR
566,τῆς,ὁ,l-s---fg-,ATR
567,ἄλλης,ἄλλος,p-s---fg-,ATR
568,πόλεως,πόλις,n-s---fg-,ATR
569,οὐ,οὐ,d--------,AuxZ
570,-δὲ,δέ,c--------,AuxY
571,κενὸν,κενός,a-s---na-,ADV
572,οὐδὲν,οὐδείς,p-s---na-,OBJ
573,ἐν,ἐν,r--------,AuxP
574,μέσῳ,μέσος,a-s---nd-,ADV
575,ποιοῦντα,ποιέω,v-sppama-,ADV_CO
576,",",",",u--------,AuxX
577,ἀλλὰ,ἀλλά,c--------,COORD
578,προσεχῆ,προσεχής,a-s---ma-,ADV_CO
579,τῇ,ὁ,l-s---fd-,ATR
580,πόλει,πόλις,n-s---fd-,ADV
581,",",",",u--------,AuxX
582,ὥσπερ,ὥσπερ,c--------,AuxC
583,στέφανον,στέφανος,n-s---ma-,OBJ
584,κεφαλῇ,κεφαλή,n-s---fd-,ADV
585,περιθέοντα,περιθέω,v-sppama-,ADV
586,.,.,u--------,AuxK
587,E,E,z--------,PRED
588,μόνην,μόνος,a-s---fa-,ADV
589,δὲ,δέ,c--------,AuxY
590,ἦν,εἰμί,v3siia---,PRED
591,εἰπεῖν,λέγω,v--ana---,SBJ_CO
592,τὴν,ὁ,l-s---fa-,ATR
593,Ῥόδον,Ῥόδος,n-s---fa-,OBJ
594,καὶ,καί,c--------,COORD
595,κατ’,κατά,r--------,AuxP
596,οἰκίαν,οἰκία,n-s---fa-,ADV
597,καὶ,καί,c--------,AuxY
598,κοινῇ,κοινῇ,d--------,ADV
599,τετειχίσθαι,τειχίζω,v--rnm---,SBJ_CO
600,.,.,u--------,AuxK
601,ἐώκει,ὠθέω,v3slia---,PRED_CO
602,γὰρ,γάρ,g--------,AuxY
603,αὐλῆς,αὐλή,n-s---fg-,ATR
604,ἕρκει,ἕρκος,n-s---nd-,ADV
605,τὰ,ὁ,l-p---nn-,ATR
606,τείχη,τεῖχος,n-p---nn-,SBJ
607,καὶ,καί,c--------,COORD
608,τοσοῦτον,τοσοῦτος,p-s---na-,ADV
609,ἠδύνατο,δύναμαι,v3siim---,PRED_CO
610,παρὰ,παρά,r--------,AuxP
611,τὴν,ὁ,l-s---fa-,ATR
612,εἴσω,εἴσω,d--------,ATR
613,πόλιν,πόλις,n-s---fa-,ADV
614,",",",",u--------,AuxX
615,ὅσον,ὅσος,p-s---na-,ADV
616,ὁρίζειν,ὁρίζω,v--pna---,APOS
617,αὐτὴν,αὐτός,p-s---fa-,OBJ
618,",",",",u--------,AuxX
619,ἐπεὶ,ἐπεί,c--------,AuxC
620,τῇ,ὁ,l-s---fd-,ATR
621,γε,γε,g--------,AuxZ
622,ἀξίᾳ,ἄξιος,a-s---fd-,ADV
623,πάντ’,πᾶς,p-p---nn-,SBJ
624,ἦν,εἰμί,v3siia---,ADV
625,ἴσα,ἴσος,a-p---nn-,PNOM
626,.,.,u--------,AuxK
627,ὡς,ὡς,c--------,AuxC
628,δ’,δέ,c--------,AuxY
629,εἰπεῖν,λέγω,v--ana---,ADV
630,",",",",u--------,AuxX
631,ἓν,εἷς,m-s---nn-,SBJ
632,ἀπῆν,ἄπειμι,v3siia---,PRED
633,τῶν,ὁ,l-p---ng-,ATR
634,ἀρχαίων,ἀρχαῖος,a-p---ng-,ATR
635,",",",",u--------,AuxX
636,τὸ,ὁ,l-s---nn-,ATR
637,ναυμαχεῖν,ναυμαχέω,v--pna---,APOS
638,·,·,u--------,AuxK
639,ἡ,ὁ,l-s---fn-,ATR
640,δ’,δέ,c--------,AuxY
641,ἄλλη,ἄλλος,p-s---fn-,ATR
642,πᾶσα,πᾶς,p-s---fn-,ATR
643,πόλις,πόλις,n-s---fn-,SBJ
644,καθαρὰ,καθαρός,a-s---fn-,ATR
645,καθαρῶς,καθαρός,d--------,ADV
646,ἐσώζετο,σῴζω,v3siim---,PRED
647,·,·,u--------,AuxK
648,καὶ,καί,c--------,AuxY
649,μόνον,μόνος,d--------,ADV
650,εἶπες,λέγω,v2saia---,PRED
651,ἂν,ἄν,g--------,AuxY
652,αὐτὴν,αὐτός,p-s---fa-,SBJ
653,παρακεχωρηκέναι,παραχωρέω,v--rna---,OBJ_CO
654,τῆς,ὁ,l-s---fg-,ATR
655,ἡγεμονίας,ἡγεμονία,n-s---fg-,OBJ
656,",",",",u--------,AuxX
657,νοῦν,νόος,n-s---ma-,OBJ
658,ἔχουσαν,ἔχω,v-sppafa-,ADV
659,",",",",u--------,AuxX
660,αὐτὴν,αὐτός,p-s---fa-,SBJ
661,δ’,δέ,c--------,COORD
662,εἶναι,εἰμί,v--pna---,OBJ_CO
663,τὴν,ὁ,l-s---fa-,ATR
664,ποτὲ,ποτέ,d--------,ADV
665,οὐκ,οὐ,d--------,AuxZ
666,ὄνομα,ὄνομα,n-s---na-,SBJ_CO
667,ἄλλως,ἄλλος,d--------,ADV
668,",",",",u--------,AuxX
669,ἀλλ’,ἀλλά,c--------,COORD
670,αὐτὴν,αὐτός,p-s---fa-,SBJ_CO
671,ἥπερ,ὅς,p-s---fn-,SBJ
672,ἦν,εἰμί,v3siia---,ATR
673,.,.,u--------,AuxK
674,νῦν,νῦν,d--------,ADV
675,δὲ,δέ,c--------,AuxY
676,οἴχεται,οἴχομαι,v3spim---,PRED_CO
677,μὲν,μέν,g--------,AuxY
678,κάλλη,κάλλος,n-p---nn-,SBJ
679,λιμένων,λιμήν,n-p---mg-,ATR
680,",",",",u--------,AuxX
681,πέπτωκε,πίπτω,v3sria---,PRED_CO
682,δὲ,δέ,c--------,AuxY
683,στεφάνων,στέφανος,n-p---mg-,ATR
684,ὁ,ὁ,l-s---mn-,ATR
685,κάλλιστος,καλός,a-s---mns,SBJ
686,",",",",u--------,AuxX
687,ἱερὰ,ἱερόν,n-p---nn-,SBJ_CO
688,δὲ,δέ,c--------,AuxY
689,ἀγαλμάτων,ἄγαλμα,n-p---ng-,ATR
690,ἔρημα,ἐρῆμος,a-p---nn-,ATR
691,καὶ,καί,c--------,COORD
692,βωμοὶ,βωμός,n-p---mn-,SBJ_CO
693,θυσιῶν,θυσία,n-p---fg-,ATR
694,",",",",u--------,AuxX
695,κενοὶ,κενός,a-p---mn-,ATR
696,δὲ,δέ,c--------,COORD
697,δρόμοι,δρόμος,n-p---mn-,SBJ_CO
698,καὶ,καί,c--------,COORD
699,θέατρα,θέατρον,n-p---nn-,SBJ_CO
700,ἀνδρῶν,ἀνήρ,n-p---mg-,ATR
701,·,·,u--------,AuxK
702,E,E,z--------,PRED_CO
703,οἱ,ὁ,l-p---mn-,ATR
704,δὲ,δέ,c--------,AuxY
705,νεώσοικοι,νεώσοικος,a-p---mn-,SBJ
706,ποῦ,ποῦ,d--------,ADV
707,γῆς,γῆ,n-s---fg-,ADV_CO
708,ἢ,ἤ,c--------,COORD
709,θαλάττης,θάλασσα,n-s---fg-,ADV_CO
710,ἐγένοντο,γίγνομαι,v3paim---,PRED_CO
711,οὐ,οὐ,d--------,AuxZ
712,-δ’,δέ,c--------,COORD
713,ἂν,ἄν,g--------,AuxY
714,εἷς,εἷς,m-s---mn-,SBJ
715,εἰκάσειε,εἰκάζω,v3saoa---,PRED_CO
716,τῶν,ὁ,l-p---mg-,ATR
717,οὐκ,οὐ,d--------,AuxZ
718,εἰδότων,οἶδα,v-prpamg-,ATR
719,πρόσθεν,πρόσθεν,d--------,ADV
720,·,·,u--------,AuxK
721,ὁ,ὁ,l-s---mn-,ATR
722,δ’,δέ,c--------,AuxY
723,εἰκόνων,εἰκών,n-p---fg-,ATR
724,ἀμφοτέρων,ἀμφότερος,a-p---fg-,ATR
725,ἀμύθητος,ἀμύθητος,a-s---mn-,ATR
726,ἀριθμὸς,ἀριθμός,n-s---mn-,SBJ
727,ὁμοῦ,ὁμοῦ,d--------,AuxP
728,ταῖς,ὁ,l-p---fd-,ATR
729,πέτραις,πέτρα,n-p---fd-,ADV_CO
730,καὶ,καί,c--------,COORD
731,τοῖς,ὁ,l-p---nd-,ATR
732,λειψάνοις,λείψανον,n-p---nd-,ADV_CO
733,τῶν,ὁ,l-p---ng-,ATR
734,διαφθαρέντων,διαφθείρω,v-pappng-,ATR
735,σωμάτων,σῶμα,n-p---ng-,ATR
736,ἀναπέφυρται,ἀναφύρω,v3srim---,PRED_CO
737,καὶ,καί,c--------,COORD
738,διέσπαρται,διασπείρω,v3srim---,PRED_CO
739,·,·,u--------,AuxK
740,οἴχεται,οἴχομαι,v3spim---,PRED
741,δ’,δέ,c--------,AuxY
742,ἐλέφας,ἐλέφας,n-s---mn-,SBJ_CO
743,καὶ,καί,c--------,COORD
744,χρυσὸς,χρυσός,n-s---mn-,SBJ_CO
745,τῆς,ὁ,l-s---fg-,ATR
746,τέχνης,τέχνη,n-s---fg-,ATR
747,δεύτερος,δεύτερος,a-s---mn-,ATR
748,·,·,u--------,AuxK
749,οἱ,ὁ,l-p---mn-,ATR
750,δ’,δέ,c--------,AuxY
751,ἀνέχοντες,ἀνέχω,v-pppamn-,ADV
752,τὰ,ὁ,l-p---na-,ATR
753,λάφυρα,λάφυρα,n-p---na-,OBJ
754,ἑκασταχοῦ,ἑκασταχοῦ,d--------,ADV
755,τοῖχοι,τοῖχος,n-p---mn-,SBJ
756,τῷ,ὁ,l-s---md-,ATR
757,κόσμῳ,κόσμος,n-s---md-,ADV
758,συναπολώλασιν,συναπόλλυμι,v3pria---,PRED
759,·,·,u--------,AuxK
760,ὅσα,ὅσος,p-p---nn-,SBJ
761,δ’,δέ,c--------,AuxY
762,ἦν,εἰμί,v3siia---,ATR
763,ξίφη,ξίφος,n-p---nn-,PNOM_CO
764,καὶ,καί,c--------,COORD
765,δόρατα,δόρυ,n-p---nn-,PNOM_CO
766,τῶν,ὁ,l-p---ng-,ATR
767,λαφύρων,λάφυρα,n-p---ng-,ATR
768,",",",",u--------,AuxX
769,ταῦτα,οὗτος,p-p---nn-,SBJ
770,ἀπὸ,ἀπό,r--------,AuxP
771,μὲν,μέν,g--------,AuxY
772,τῶν,ὁ,l-p---mg-,ATR
773,πολεμίων,πολέμιος,a-p---mg-,ADV
774,δεῦρο,δεῦρο,d--------,ADV
775,ἐκομίσθη,κομίζω,v3saip---,PRED_CO
776,",",",",u--------,AuxX
777,ἐν,ἐν,r--------,AuxP
778,δὲ,δέ,c--------,COORD
779,τοῖς,ὁ,l-p---nd-,ATR
780,κακοῖς,κακός,a-p---nd-,ADV
781,ἐνταῦθα,ἐνταῦθα,d--------,ADV
782,προσλελύμανται,προσλυμαίνομαι,v3prim---,PRED_CO
783,τοὺς,ὁ,l-p---ma-,ATR
784,παραπίπτοντας,παραπίπτω,v-pppama-,OBJ
785,",",",",u--------,AuxX
786,ὡς,ὡς,c--------,AuxC
787,ἂν,ἄν,g--------,AuxY
788,μάλιστα,μάλα,d-------s,ADV
789,λάβοι,λαμβάνω,v3saoa---,ADV
790,συμφορᾶς,συμφορά,n-s---fg-,ATR
791,περιουσίαν,περιουσία,n-s---fa-,OBJ
792,.,.,u--------,AuxK
793,ἡ,ὁ,l-s---fn-,ATR
794,πόλις,πόλις,n-s---fn-,SBJ
795,δὲ,δέ,c--------,AuxY
796,ἐν,ἐν,r--------,AuxP
797,σκοπέλου,σκόπελος,n-s---mg-,ATR
798,μοίρᾳ,μοῖρα,n-s---fd-,ADV
799,λέλειπται,λείπω,v3srim---,PRED
800,",",",",u--------,AuxX
801,παρὰ,παρά,r--------,AuxP
802,τοσοῦτον,τοσοῦτος,p-s---na-,ADV
803,οὐκ,οὐ,d--------,AuxZ
804,ἰσόπεδος,ἰσόπεδος,a-s---fn-,PNOM
805,",",",",u--------,AuxX
806,ὅσον,ὅσος,p-s---na-,ADV
807,οἱ,ὁ,l-p---mn-,ATR
808,τὴν,ὁ,l-s---fa-,ATR
809,μνήμην,μνήμη,n-s---fa-,OBJ
810,τοῦ,ὁ,l-s---ng-,ATR
811,πάθους,πάθος,n-s---ng-,ATR
812,ἀνακινοῦντες,ἀνακινέω,v-pppamn-,ATR
813,ἀνίσχουσι,ἀνίσχω,v3ppia---,ATR
814,λίθοι,λίθος,n-p---mn-,SBJ
815,.,.,u--------,AuxK
816,E,E,z--------,UNLINKED
817,τοσοῦτον,τοσοῦτος,p-s---na-,ADV
818,δ’,δέ,c--------,AuxY
819,ὑπερβέβληκεν,ὑπερβάλλω,v3sria---,PRED
820,ἡ,ὁ,l-s---fn-,ATR
821,ταύτης,οὗτος,p-s---fg-,ATR
822,συμφορὰ,συμφορά,n-s---fn-,SBJ
823,πάνθ’,πᾶς,p-p---na-,OBJ
824,ὅσα,ὅσος,p-p---na-,OBJ
825,Ἑλληνικὰ,Ἑλληνικός,a-p---na-,OBJ
826,ἀκοῇ,ἀκοή,n-s---fd-,ADV
827,παρειλήφαμεν,παραλαμβάνω,v1pria---,ATR
828,",",",",u--------,AuxX
829,ὥσθ’,ὥστε,c--------,AuxC
830,ὧν,ὅς,p-p---ng-,OBJ
831,μὲν,μέν,g--------,AuxY
832,ἀρτίως,ἄρτιος,d--------,ADV
833,ἐμεμνήμην,μιμνῄσκω,v1slim---,ATR
834,",",",",u--------,AuxX
835,αὐτά,αὐτός,p-p---nn-,SBJ
836,γε,γε,g--------,AuxZ
837,δή,δή,g--------,AuxY
838,που,που,d--------,AuxY
839,ταῦτα,οὗτος,p-p---nn-,SBJ
840,",",",",u--------,AuxX
841,βασίλεια,βασίλεια,n-p---nn-,SBJ_CO
842,δυναστῶν,δυνάστης,n-p---mg-,ATR
843,καὶ,καί,c--------,COORD
844,θάλαμοί,θάλαμος,n-p---mn-,SBJ_CO
845,τινες,τις,p-p---cn-,ATR
846,δείκνυνται,δείκνυμι,v3ppim---,ADV_CO
847,",",",",u--------,AuxX
848,καί,καί,c--------,AuxY
849,τινα,τις,p-p---nn-,ATR
850,καὶ,καί,c--------,AuxZ
851,τῶν,ὁ,l-p---fg-,ATR
852,πόλεων,πόλις,n-p---fg-,ATR
853,ἔτι,ἔτι,d--------,ADV
854,λείπεται,λείπω,v3spim---,ADV_CO
855,μέρη,μέρος,n-p---nn-,SBJ
856,",",",",u--------,AuxX
857,καὶ,καί,c--------,COORD
858,φαίης,φημί,v2spoa---,ADV_CO
859,ἂν,ἄν,g--------,AuxY
860,ἐλάττους,ἐλαχύς,a-p---fac,PNOM
861,ἐκ,ἐκ,r--------,AuxP
862,μειζόνων,μέγας,a-p---fgc,ADV
863,αὐτὰς,αὐτός,p-p---fa-,SBJ
864,γεγονέναι,γίγνομαι,v--rna---,OBJ
865,·,·,u--------,AuxK
866,E,E,z--------,UNLINKED
867,ἐνταυθοῖ,ἐνταυθοῖ,d--------,ADV
868,δὲ,δέ,c--------,AuxY
869,οὐ,οὐ,d--------,AuxZ
870,-δ’,δέ,c--------,MWE
871,ὅσον,ὅσος,p-s---na-,ADV
872,τὸν,ὁ,l-s---ma-,ATR
873,περιάξοντα,περιάγω,v-sfpama-,OBJ
874,ἐνοικῆσαι,ἐνοικέω,v--ana---,SBJ
875,λείπεται,λείπω,v3spim---,PRED
876,.,.,u--------,AuxK
877,κα-,καί,c--------,AuxY
878,κἀκεῖ,ἐκεῖ,d--------,ADV
879,μὲν,μέν,g--------,AuxY
880,ἂν,ἄν,g--------,AuxY
881,μνῆμα,μνῆμα,n-s---na-,OBJ_CO
882,καὶ,καί,c--------,COORD
883,τρόπαιον,τρόπαιον,n-s---na-,OBJ_CO
884,ἴδοις,ὁράω,v2saoa---,PRED_CO
885,",",",",u--------,AuxX
886,ἐνταυθοῖ,ἐνταυθοῖ,d--------,ADV
887,δὲ,δέ,c--------,AuxY
888,οὐ,οὐ,d--------,AuxZ
889,-δὲ,δέ,c--------,MWE
890,τάφος,τάφος,n-s---mn-,SBJ
891,μεμένηκεν,μένω,v3sria---,PRED_CO
892,ἀθῶος,ἀθῶος,a-s---mn-,ATR
893,τῆς,ὁ,l-s---fg-,ATR
894,ἐπηρείας,ἐπήρεια,n-s---fg-,ATR
895,",",",",u--------,AuxX
896,ἀλλὰ,ἀλλά,c--------,AuxY
897,καὶ,καί,c--------,AuxY
898,ἔξω,ἔξω,d--------,ADV_CO
899,καὶ,καί,c--------,COORD
900,ἔνδον,ἔνδον,d--------,ADV_CO
901,ὁμοίως,ὅμοιος,d--------,ADV
902,πέπραγεν,πράσσω,v3sria---,PRED_CO
903,ἡ,ὁ,l-s---fn-,ATR
904,πόλις,πόλις,n-s---fn-,SBJ
905,",",",",u--------,AuxX
906,καὶ,καί,c--------,COORD
907,γέγονεν,γίγνομαι,v3sria---,PRED_CO
908,ἀντὶ,ἀντί,r--------,AuxP
909,μνήματος,μνῆμα,n-s---ng-,ADV
910,αὐτὴ,αὐτός,p-s---fn-,SBJ
911,τοῖς,ὁ,l-p---md-,ATR
912,πολίταις,πολίτης,n-p---md-,OBJ
913,.,.,u--------,AuxK
914,ἀντὶ,ἀντί,r--------,AuxP
915,δὲ,δέ,c--------,AuxY
916,τοῦ,ὁ,l-s---ng-,ATR
917,προσπλέοντας,προσπλέω,v-pppama-,OBJ_CO
918,καὶ,καί,c--------,COORD
919,πελαγίους,πελάγιος,a-p---ma-,OBJ_CO
920,καθορᾶν,καθοράω,v--pna---,ADV
921,τὴν,ὁ,l-s---fa-,ATR
922,πόλιν,πόλις,n-s---fa-,OBJ
923,ἐπιβάντας,ἐπιβαίνω,v-papama-,ADV
924,δεῖ,δέω,v3spia---,PRED
925,ζητεῖν,ζητέω,v--pna---,SBJ
926,τί,τίς,p-s---nn-,SBJ
927,ἕκαστον,ἕκαστος,p-s---nn-,SBJ
928,ἦν,εἰμί,v3siia---,OBJ
929,",",",",u--------,AuxX
930,ὄρος,ὄρος,n-s---na-,OBJ
931,ἄωρον,ἄωρος,a-s---na-,ATR
932,βλέποντας,βλέπω,v-pppama-,ADV
933,ἀντὶ,ἀντί,r--------,AuxP
934,πόλεως,πόλις,n-s---fg-,ADV
935,·,·,u--------,AuxK
936,τοσοῦτον,τοσοῦτος,p-s---nn-,PNOM
937,τὸ,ὁ,l-s---nn-,ATR
938,παραλλάττον,παραλλάσσω,v-sppann-,SBJ
939,αὐτῇ,αὐτός,p-s---fd-,OBJ
940,παρ’,παρά,r--------,AuxP
941,αὑτὴν,ἑαυτοῦ,p-s---fa-,ADV
942,καὶ,καί,c--------,AuxY
943,τὰ,ὁ,l-p---nn-,ATR
944,τῶν,ὁ,l-p---mg-,ATR
945,ἄλλων,ἄλλος,p-p---mg-,ATR
946,ἀτυχήματα,ἀτύχημα,n-p---nn-,SBJ
947,συμβέβηκεν,συμβαίνω,v3sria---,PRED
948,.,.,u--------,AuxK
949,ὥστε,ὥστε,c--------,AuxY
950,συγγνώμη,συγγνώμη,n-s---fn-,SBJ
951,πᾶν,πᾶς,p-s---na-,OBJ
952,καὶ,καί,c--------,AuxY
953,λέγουσι,λέγω,v-pppamd-,ADV_CO
954,καὶ,καί,c--------,COORD
955,ποιοῦσιν,ποιέω,v-pppamd-,ADV_CO
956,ὑμῖν,σύ,p-p---cd-,OBJ
957,.,.,u--------,AuxK
958,E,E,z--------,PRED
959,ἀλλὰ,ἀλλά,c--------,AuxY
960,καὶ,καί,c--------,AuxZ
961,τούτων,οὗτος,p-p---ng-,SBJ
962,οὕτως,οὕτως,d--------,ADV
963,ἐχόντων,ἔχω,v-pppang-,ADV
964,φέρειν,φέρω,v--pna---,SBJ
965,χρὴ,χρή,v3spia---,PRED
966,",",",",u--------,AuxX
967,τὸν,ὁ,l-s---ma-,ATR
968,παλαιὸν,παλαιός,a-s---ma-,ATR
969,λόγον,λόγος,n-s---ma-,OBJ
970,·,·,u--------,AuxK
971,ὀρθῶς,ὀρθός,d--------,ADV
972,ἔχειν,ἔχω,v--pna---,OBJ
973,νομίσαντας,νομίζω,v-papama-,ADV
974,",",",",u--------,AuxX
975,ὅτι,ὅτι,c--------,AuxC
976,τὰ,ὁ,l-p---nn-,ATR
977,μὲν,μέν,g--------,AuxY
978,γεγονότα,γίγνομαι,v-prpana-,OBJ
979,οὐκέτ’,οὐκέτι,d--------,AuxZ
980,ἂν,ἄν,g--------,AuxY
981,ἄλλως,ἄλλος,d--------,ADV
982,ἔχοι,ἔχω,v3spoa---,OBJ
983,",",",",u--------,AuxX
984,οὐ,οὐ,d--------,AuxZ
985,-δ’,δέ,c--------,AuxY
986,εἰ,εἰ,c--------,AuxC
987,πάντα,πᾶς,p-p---na-,OBJ
988,μὲν,μέν,g--------,AuxY
989,αἰτιώμενοι,αἰτιάομαι,v-pppmmn-,ADV_CO
990,καὶ,καί,c--------,COORD
991,κακίζοντες,κακίζω,v-pppamn-,ADV_CO
992,τὴν,ὁ,l-s---fa-,ATR
993,τύχην,τύχη,n-s---fa-,OBJ
994,λέγοιτε,λέγω,v2ppoa---,ADV_CO
995,",",",",u--------,AuxX
996,πάντα,πᾶς,p-s---ma-,ATR
997,δὲ,δέ,c--------,COORD
998,ὑμᾶς,σύ,p-p---ca-,OBJ
999,αὐτοὺς,αὐτός,p-p---ma-,ATR
1000,τρόπον,τρόπος,n-s---ma-,ADV
1001,ἀθυμίᾳ,ἀθυμία,n-s---fd-,ADV
1002,διαφθείροιτε,διαφθείρω,v2ppoa---,ADV_CO
1003,·,·,u--------,AuxK
1004,E,E,z--------,PRED
1005,τὸ,ὁ,l-s---nn-,ATR
1006,δὲ,δέ,c--------,AuxY
1007,ταῦτα,οὗτος,p-p---na-,OBJ
1008,εἰς,εἰς,r--------,AuxP
1009,ὅσον,ὅσος,p-s---na-,ADV
1010,ἐστὶ,εἰμί,v3spia---,PRED
1011,καλῶς,καλός,d--------,ADV
1012,ἐνεγκεῖν,φέρω,v--ana---,SBJ
1013,κέρδος,κέρδος,n-s---nn-,SBJ
1014,οὐ,οὐ,d--------,AuxZ
1015,μικρὸν,μικρός,a-s---nn-,ATR
1016,ὡς,ὡς,c--------,AuxC
1017,ἐν,ἐν,r--------,AuxP
1018,τοιούτοις,τοιοῦτος,p-p---nd-,ADV
1019,.,.,u--------,AuxK
1020,E,E,z--------,ADV
1021,ἐστὲ,εἰμί,v2ppia---,PRED
1022,δὲ,δέ,c--------,AuxY
1023,οὐκ,οὐ,d--------,AuxZ
1024,ἀτυχημάτων,ἀτύχημα,n-p---ng-,ADV
1025,ἐνδεεῖς,ἐνδεής,a-p---mn-,PNOM
1026,",",",",u--------,AuxX
1027,ὥστε,ὥστε,c--------,AuxC
1028,προστιθέναι,προστίθημι,v--pna---,ADV
1029,τούτοις,οὗτος,p-p---nd-,OBJ
1030,",",",",u--------,AuxX
1031,ἀλλ’,ἀλλά,c--------,AuxY
1032,ἀφαιροῦντες,ἀφαιρέω,v-pppamn-,ADV_CO
1033,μᾶλλον,μάλα,d-------c,ADV
1034,τῶν,ὁ,l-p---ng-,ATR
1035,συμβεβηκότων,συμβαίνω,v-prpang-,ATR
1036,καὶ,καί,c--------,COORD
1037,τῆς,ὁ,l-s---fg-,ATR
1038,ἐγχωρούσης,ἐγχωρέω,v-sppafg-,ATR
1039,ἀεὶ,ἀεί,d--------,ADV
1040,ποριζόμενοι,πορίζω,v-pppmmn-,ADV_CO
1041,ῥᾳστώνης,ῥᾳστώνη,n-s---fg-,ATR
1042,ἀφορμὰς,ἀφορμή,n-p---fa-,OBJ
1043,εὖ,εὖ,d--------,ADV
1044,φρονοῖτ’,φρονέω,v2ppoa---,PRED_CO
1045,ἂν,ἄν,g--------,AuxY
1046,καὶ,καί,c--------,COORD
1047,ποιοῖτε,ποιέω,v2ppoa---,PRED_CO
1048,ἃ,ὅς,p-p---na-,OBJ
1049,δεῖ,δέω,v3spia---,OBJ
1050,.,.,u--------,AuxK
1051,εἰδέναι,οἶδα,v--rna---,SBJ
1052,τε,τε,c--------,AuxY
1053,χρὴ,χρή,v3spia---,PRED
1054,Ῥοδίους,Ῥόδιος,n-p---ma-,PNOM
1055,ὄντας,εἰμί,v-pppama-,OBJ
1056,ἔτι,ἔτι,d--------,ADV
1057,ὁπόσοι,ὁπόσος,p-p---mn-,SBJ
1058,ποτὲ,ποτέ,d--------,ADV
1059,καὶ,καί,c--------,AuxZ
1060,λέλειφθε,λείπω,v2prim---,ATR
1061,",",",",u--------,AuxX
1062,καὶ,καί,c--------,AuxY
1063,τοῦτο,οὗτος,p-s---na-,OBJ
1064,τὸ,ὁ,l-s---na-,ATR
1065,σεμνὸν,σεμνός,a-s---na-,ATR_CO
1066,καὶ,καί,c--------,COORD
1067,τίμιον,τίμιος,a-s---na-,ATR_CO
1068,εἰς,εἰς,r--------,AuxP
1069,Ἕλληνας,Ἕλλην,n-p---ma-,ADV_CO
1070,καὶ,καί,c--------,COORD
1071,βαρβάρους,βάρβαρος,a-p---ma-,ADV_CO
1072,ὄνομα,ὄνομα,n-s---na-,OBJ
1073,προσαφῃρημένην,προσαφαιρέομαι,v-srpmfa-,ADV
1074,ὑμᾶς,σύ,p-p---ca-,OBJ
1075,τὴν,ὁ,l-s---fa-,ATR
1076,τύχην,τύχη,n-s---fa-,OBJ
1077,",",",",u--------,AuxX
1078,οὗ,ὅς,p-s---ng-,ADV
1079,δεῖ,δέω,v3spia---,ATR
1080,φρονοῦντας,φρονέω,v-pppama-,SBJ
1081,ἄξια,ἄξιος,a-p---na-,PNOM
1082,φαίνεσθαι,φαίνω,v--pnm---,SBJ
1083,.,.,u--------,AuxK
1084,E,E,z--------,UNLINKED
1085,καιρὸς,καιρός,n-s---mn-,SBJ
1086,δὲ,δέ,c--------,AuxY
1087,νῦν,νῦν,d--------,ADV
1088,εἴπερ,εἴπερ,c--------,AuxC
1089,ποτὲ,ποτέ,d--------,ADV
1090,",",",",u--------,AuxX
1091,ὦ,ὦ,i--------,AuxZ
1092,ἄνδρες,ἀνήρ,n-p---mv-,ExD
1093,Ῥόδιοι,Ῥόδιος,a-p---mv-,ATR
1094,",",",",u--------,AuxX
1095,σῶσαι,σῴζω,v--ana---,OBJ_CO
1096,μὲν,μέν,g--------,AuxY
1097,ὑμᾶς,σύ,p-p---ca-,SBJ
1098,αὐτοὺς,αὐτός,p-p---ma-,ATR
1099,ἐκ,ἐκ,r--------,AuxP
1100,τῶν,ὁ,l-p---mg-,ATR
1101,περιεστηκότων,περιίστημι,v-prpamg-,ADV
1102,",",",",u--------,AuxX
1103,βοηθῆσαι,βοηθέω,v--ana---,OBJ_CO
1104,δὲ,δέ,c--------,AuxY
1105,τῷ,ὁ,l-s---nd-,ATR
1106,γένει,γένος,n-s---nd-,OBJ
1107,τῆς,ὁ,l-s---fg-,ATR
1108,νήσου,νῆσος,n-s---fg-,ATR
1109,",",",",u--------,AuxX
1110,στῆναι,ἵστημι,v--ana---,OBJ_CO
1111,δὲ,δέ,c--------,COORD
1112,πρὸς,πρός,r--------,AuxP
1113,τὴν,ὁ,l-s---fa-,ATR
1114,τύχην,τύχη,n-s---fa-,OBJ
1115,λαμπρῶς,λαμπρός,d--------,ADV
1116,",",",",u--------,AuxX
1117,ἐνθυμηθέντας,ἐνθυμέομαι,v-papmma-,ADV
1118,ὑμῶν,σύ,p-p---cg-,ATR
1119,τὸν,ὁ,l-s---ma-,ATR
1120,τοῦ,ὁ,l-s---mg-,ATR
1121,πολίτου,πολίτης,n-s---mg-,ATR
1122,κυβερνήτου,κυβερνήτης,n-s---mg-,ATR
1123,λόγον,λόγος,n-s---ma-,OBJ
1124,",",",",u--------,AuxX
1125,ὃς,ὅς,p-s---mn-,SBJ
1126,ἔφη,φημί,v3siia---,ATR
1127,χειμαζομένης,χειμάζω,v-sppmfg-,ADV_CO
1128,αὐτῷ,αὐτός,p-s---md-,OBJ
1129,τῆς,ὁ,l-s---fg-,ATR
1130,νεὼς,ναῦς,n-s---fg-,SBJ
1131,καὶ,καί,c--------,COORD
1132,καταδύσεσθαι,καταδύω,v--fnm---,OBJ
1133,προσδοκῶν,προσδοκάω,v-sppamn-,ADV_CO
1134,τοῦτο,οὗτος,p-s---na-,ATR
1135,δὴ,δή,g--------,AuxY
1136,τὸ,ὁ,l-s---na-,ATR
1137,θρυλούμενον,θρυλέω,v-sppmna-,OBJ
1138,",",",",u--------,AuxX
1139,ἀλλ’,ἀλλά,c--------,AuxY
1140,ὦ,ὦ,i--------,AuxZ
1141,Ποτειδὰν,Ποτειδάν,n-s---mv-,ExD
1142,",",",",u--------,AuxX
1143,ἴσθι,οἶδα,v2srma---,PRED
1144,ὅτι,ὅτι,c--------,AuxC
1145,ὀρθὰν,ὀρθός,a-s---fa-,ATR
1146,τὰν,ὁ,l-s---fa-,ATR
1147,ναῦν,ναῦς,n-s---fa-,OBJ
1148,καταδύσω,καταδύω,v1sfia---,OBJ
1149,·,·,u--------,AuxK
1150,E,E,z--------,UNLINKED
1151,ὡς,ὡς,c--------,AuxY
1152,οὐδὲν,οὐδείς,p-s---na-,OBJ
1153,ἂν,ἄν,g--------,AuxY
1154,πράξας,πράσσω,v-sapamn-,ADV_CO
1155,ἀγεννὲς,ἀγεννής,a-s---na-,ATR_CO
1156,οὐ,οὐ,d--------,AuxZ
1157,-δὲ,δέ,c--------,COORD
1158,ταπεινὸν,ταπεινός,a-s---na-,ATR_CO
1159,οὐδὲν,οὐδείς,p-s---na-,OBJ
1160,τοῖς,ὁ,l-p---nd-,ATR
1161,παροῦσιν,πάρειμι,v-pppand-,ADV
1162,",",",",u--------,AuxX
1163,ἀλλὰ,ἀλλά,c--------,COORD
1164,πάντα,πᾶς,p-p---na-,OBJ
1165,ἂν,ἄν,g--------,AuxY
1166,τὰ,ὁ,l-p---na-,OBJ
1167,αὑτοῦ,ἑαυτοῦ,p-s---mg-,ATR
1168,πληρώσας,πληρόω,v-sapamn-,ADV_CO
1169,πρότερον,πρότερος,d-------c,ADV
1170,ἢ,ἤ,c--------,AuxC
1171,κακῶς,κακός,d--------,ADV
1172,ἀπολούμενος,ἀπόλλυμι,v-sfpmmn-,ADV_CO
1173,·,·,u--------,AuxK
1174,E,E,z--------,PRED
1175,ὡς,ὡς,c--------,AuxC
1176,τοῦ,ὁ,l-s---ng-,ATR
1177,μὲν,μέν,g--------,AuxY
1178,ἀπολέσθαι,ἀπόλλυμι,v--anm---,OBJ_CO
1179,καὶ,καί,c--------,COORD
1180,καταδῦναι,καταδύω,v--ana---,OBJ_CO
1181,τὴν,ὁ,l-s---fa-,ATR
1182,ναῦν,ναῦς,n-s---fa-,OBJ
1183,τὴν,ὁ,l-s---fa-,ATR
1184,τύχην,τύχη,n-s---fa-,OBJ
1185,κυρίαν,κυρία,n-s---fa-,PNOM
1186,οὖσαν,εἰμί,v-sppafa-,ATR
1187,ἀεὶ,ἀεί,d--------,ADV
1188,",",",",u--------,AuxX
1189,τοῦ,ὁ,l-s---ng-,OBJ
1190,δὲ,δέ,c--------,AuxY
1191,ἃ,ὅς,p-p---na-,OBJ
1192,χρὴ,χρή,v3spia---,OBJ
1193,πρᾶξαι,πράσσω,v--ana---,SBJ
1194,πρὸ,πρό,r--------,AuxP
1195,τούτου,οὗτος,p-s---ng-,ADV
1196,οὐκέτ’,οὐκέτι,d--------,AuxZ
1197,ἐν,ἐν,r--------,AuxP
1198,ἄλλῳ,ἄλλος,p-s---md-,ADV
1199,τὴν,ὁ,l-s---fa-,ATR
1200,ἀπαίτησιν,ἀπαίτησις,n-s---fa-,OBJ
1201,",",",",u--------,AuxX
1202,ἀλλ’,ἀλλά,c--------,AuxY
1203,αὐτὸν,αὐτός,p-s---ma-,SBJ
1204,αὑτῷ,ἑαυτοῦ,p-s---md-,OBJ
1205,τινα,τις,p-s---ca-,OBJ
1206,τοῦτο,οὗτος,p-s---na-,OBJ
1207,ὀφείλοντα,ὀφείλω,v-sppama-,ADV_CO
1208,",",",",u--------,AuxX
1209,καὶ,καί,c--------,COORD
1210,οὗ,ὅς,p-s---ng-,ATR
1211,μόνου,μόνος,a-s---ng-,ATR
1212,κύριός,κύριος,n-s---mn-,PNOM
1213,ἐστιν,εἰμί,v3spia---,ADV_CO
1214,",",",",u--------,AuxX
1215,οὐχὶ,οὐ,d--------,AuxZ
1216,δέον,δέω,v-sppana-,CO
1217,προλιπεῖν,προλείπω,v--ana---,SBJ
1218,ἔτι,ἔτι,d--------,ADV
1219,ζῶντα,ζάω,v-sppama-,ADV
1220,.,.,u--------,AuxK
1221,E,E,z--------,PRED
1222,ὑμεῖς,σύ,p-p---cn-,SBJ
1223,τοίνυν,τοίνυν,g--------,AuxY
1224,μὴ,μή,d--------,AuxZ
1225,πεπτωκυῖαν,πίπτω,v-srpafa-,ADV
1226,τὴν,ὁ,l-s---fa-,ATR
1227,πόλιν,πόλις,n-s---fa-,SBJ
1228,ἔτι,ἔτι,d--------,ADV
1229,μᾶλλον,μάλα,d-------c,ADV
1230,ἐπικαταβάλητε,ἐπικαταβάλλω,v2pasa---,PRED_CO
1231,",",",",u--------,AuxX
1232,ταπεινότητα,ταπεινότης,n-s---fa-,OBJ
1233,τῷ,ὁ,l-s---md-,ATR
1234,καιρῷ,καιρός,n-s---md-,ADV
1235,προσθέντες,προστίθημι,v-papamn-,ADV
1236,",",",",u--------,AuxX
1237,ἀλλ’,ἀλλά,c--------,COORD
1238,ἐπειδήπερ,ἐπειδή,c--------,AuxC
1239,προκατέδυ,προκαταδύω,v3saia---,ADV
1240,πληγεῖσα,πλήσσω,v-sappfn-,ADV
1241,",",",",u--------,AuxX
1242,ὑμεῖς,σύ,p-p---cn-,SBJ
1243,οἱ,ὁ,l-p---mn-,ATR
1244,λοιποὶ,λοιπός,a-p---mn-,ATR
1245,μένετε,μένω,v2ppma---,PRED_CO
1246,ἐν,ἐν,r--------,AuxP
1247,ὑμῶν,σύ,p-p---cg-,ADV
1248,αὐτῶν,αὐτός,p-p---mg-,ATR
1249,.,.,u--------,AuxK
1250,καὶ,καί,c--------,AuxY
1251,γὰρ,γάρ,g--------,AuxY
1252,αἰσχρὸν,αἰσχρός,a-s---nn-,PNOM_CO
1253,καὶ,καί,c--------,COORD
1254,οἴκοθεν,οἴκοθεν,d--------,PNOM_CO
1255,ἔστ’,εἰμί,v3spia---,PRED
1256,ἔχον,ἔχω,v-sppann-,PNOM
1257,τὸ,ὁ,l-s---nn-,ATR
1258,ἔγκλημα,ἔγκλημα,n-s---nn-,SBJ
1259,",",",",u--------,AuxX
1260,ἑνὸς,εἷς,m-s---mg-,ATR
1261,ἀνδρὸς,ἀνήρ,n-s---mg-,ADV
1262,ἀγεννεστέραν,ἀγεννής,a-s---fac,PNOM
1263,φανῆναι,φαίνω,v--anp---,SBJ_CO
1264,τὴν,ὁ,l-s---fa-,ATR
1265,πόλιν,πόλις,n-s---fa-,SBJ
1266,ὑμᾶς,σύ,p-p---ca-,SBJ
1267,τουτουσὶ,οὗτος,p-p---ma-,ATR
1268,καὶ,καί,c--------,COORD
1269,μὴ,μή,d--------,AuxZ
1270,δεῖξαι,δείκνυμι,v--ana---,SBJ_CO
1271,τοῦθ’,οὗτος,p-s---na-,OBJ
1272,ὅτι,ὅτι,c--------,AuxC
1273,καὶ,καί,c--------,AuxZ
1274,δυστυχοῦντες,δυστυχέω,v-pppamn-,ADV
1275,ἴστε,οἶδα,v2pria---,OBJ
1276,ὑμᾶς,σύ,p-p---ca-,OBJ
1277,αὐτούς,αὐτός,p-p---ma-,ATR
1278,.,.,u--------,AuxK
1279,οὕτω,οὕτως,d--------,ADV
1280,καὶ,καί,c--------,AuxY
1281,παρ’,παρά,r--------,AuxP
1282,ἀξίαν,ἀξία,n-s---fa-,ADV
1283,ταῦτα,οὗτος,p-p---na-,OBJ
1284,πεπονθέναι,πάσχω,v--rna---,OBJ
1285,δόξετε,δοκέω,v2pfia---,PRED
1286,.,.,u--------,AuxK
1287,καλὸν,καλός,a-s---nn-,PNOM
1288,γὰρ,γάρ,g--------,AuxY
1289,οἶμαι,οἴομαι,v1spim---,PRED_CO
1290,κα-,καί,c--------,AuxZ
1291,κἀν,ἐν,r--------,AuxP
1292,τοῖς,ὁ,l-p---nd-,ATR
1293,ὅπλοις,ὅπλον,n-p---nd-,ADV
1294,νικᾶν,νικάω,v--pna---,OBJ
1295,",",",",u--------,AuxX
1296,καὶ,καί,c--------,AuxY
1297,ναυμαχοῦντας,ναυμαχέω,v-pppama-,ADV
1298,τρόπαια,τρόπαιον,n-p---na-,OBJ
1299,ἱστάναι,ἵστημι,v--pna---,OBJ
1300,ἔχει,ἔχω,v3spia---,PRED_CO
1301,φιλοτιμίαν,φιλοτιμία,n-s---fa-,OBJ
1302,καὶ,καί,c--------,COORD
1303,τῆς,ὁ,l-s---fg-,ATR
1304,ἐπὶ,ἐπί,r--------,AuxP
1305,τοῖς,ὁ,l-p---nd-,ATR
1306,τοιούτοις,τοιοῦτος,p-p---nd-,ATR
1307,σπουδῆς,σπουδή,n-s---fg-,ADV
1308,οὐκ,οὐ,d--------,AuxZ
1309,ἄξιον,ἄξιος,a-s---nn-,PNOM
1310,τοὺς,ὁ,l-p---ma-,ATR
1311,ἀγαθοὺς,ἀγαθός,a-p---ma-,ATR
1312,ἄνδρας,ἀνήρ,n-p---ma-,OBJ
1313,ἐξίστασθαι,ἐξίστημι,v--pnm---,CO
1314,",",",",u--------,AuxX
1315,ὧν,ὅς,p-p---mg-,ATR
1316,καὶ,καί,c--------,AuxZ
1317,οἱ,ὁ,l-p---mn-,ATR
1318,ὑμέτεροί,ὑμέτερος,a-p---mn-,ATR
1319,ποτε,ποτέ,d--------,ADV
1320,ὄντες,εἰμί,v-pppamn-,ADV
1321,πρόγονοι,πρόγονος,n-p---mn-,SBJ
1322,μεγάλην,μέγας,a-s---fa-,ATR_CO
1323,εἰκότως,ἔοικα,d--------,ADV
1324,καὶ,καί,c--------,COORD
1325,θαυμαστὴν,θαυμαστός,a-s---fa-,ATR_CO
1326,δικαίως,δίκαιος,d--------,ADV
1327,δόξαν,δόξα,n-s---fa-,OBJ
1328,ἐκτήσαντο,κτάομαι,v3paim---,ATR
1329,.,.,u--------,AuxK
1330,E,E,z--------,PRED_CO
1331,ἐπεὶ,ἐπεί,c--------,AuxC
1332,δὲ,δέ,c--------,AuxY
1333,πᾶσαί,πᾶς,p-p---fn-,ATR
1334,τε,τε,c--------,AuxY
1335,ὑποθέσεις,ὑπόθεσις,n-p---fn-,SBJ
1336,τῶν,ὁ,l-p---mg-,ATR
1337,τοιούτων,τοιοῦτος,p-p---mg-,ATR
1338,ἀγώνων,ἀγών,n-p---mg-,ATR
1339,ἐξήκουσι,ἐξήκω,v3ppia---,ADV_CO
1340,καὶ,καί,c--------,COORD
1341,τὰ,ὁ,l-p---nn-,SBJ
1342,τῶν,ὁ,l-p---mg-,ATR
1343,νῦν,νῦν,d--------,ATR
1344,καιρῶν,καιρός,n-p---mg-,ATR
1345,ἕτερον,ἕτερος,p-s---ma-,ATR
1346,ἀγῶνα,ἀγών,n-s---ma-,OBJ
1347,ἀπαιτεῖ,ἀπαιτέω,v3spia---,ADV_CO
1348,παρ’,παρά,r--------,AuxP
1349,ὑμῶν,σύ,p-p---cg-,ADV
1350,",",",",u--------,AuxX
1351,τοῦτον,οὗτος,p-s---ma-,OBJ
1352,ὑποστῆναι,ὑφίστημι,v--ana---,SBJ
1353,δεῖ,δέω,v3spia---,PRED
1354,.,.,u--------,AuxK
1355,καὶ,καί,c--------,AuxY
1356,πολὺ,πολύς,a-s---na-,ADV
1357,τοῦθ’,οὗτος,p-s---nn-,SBJ
1358,ὑμῖν,σύ,p-p---cd-,ADV
1359,ἐνδοξότερον,ἔνδοξος,a-s---nnc,PNOM_CO
1360,καὶ,καί,c--------,COORD
1361,κάλλιον,καλός,a-s---nnc,PNOM_CO
1362,ἐκείνων,ἐκεῖνος,p-p---mg-,ATR
1363,τῶν,ὁ,l-p---mg-,ATR
1364,ἀγώνων,ἀγών,n-p---mg-,ADV
1365,",",",",u--------,AuxX
1366,ἀντιτάξασθαι,ἀντιτάσσω,v--anm---,SBJ_CO
1367,τῇ,ὁ,l-s---fd-,ATR
1368,τύχῃ,τύχη,n-s---fd-,OBJ
1369,καὶ,καί,c--------,COORD
1370,ταύτης,οὗτος,p-s---fg-,ATR
1371,στῆσαι,ἵστημι,v--ana---,SBJ_CO
1372,τρόπαιον,τρόπαιον,n-s---na-,OBJ
1373,",",",",u--------,AuxX
1374,εἰ,εἰ,c--------,AuxC
1375,καὶ,καί,c--------,AuxZ
1376,σφόδρα,σφόδρα,d--------,ADV
1377,ὑμῖν,σύ,p-p---cd-,OBJ
1378,ἐνήλατο,ἐνάλλομαι,v3saim---,ADV
1379,τὴν,ὁ,l-s---fa-,ATR
1380,πρώτην,πρῶτος,a-s---fa-,OBJ
1381,.,.,u--------,AuxK
1382,E,E,z--------,PRED
1383,τῆς,ὁ,l-s---fg-,ATR
1384,μὲν,μέν,g--------,AuxY
1385,γὰρ,γάρ,g--------,AuxY
1386,ἐκεῖ,ἐκεῖ,d--------,ATR
1387,νίκης,νίκη,n-s---fg-,ATR
1388,οὐδεὶς,οὐδείς,p-s---mn-,SBJ
1389,τηλικοῦτός,τηλικοῦτος,p-s---mn-,PNOM
1390,ἐστιν,εἰμί,v3spia---,PRED_CO
1391,ὅστις,ὅστις,p-s---mn-,SBJ
1392,ἐστὶ,εἰμί,v3spia---,ATR
1393,κύριος,κύριος,n-s---mn-,PNOM
1394,διὰ,διά,r--------,AuxP
1395,τέλους,τέλος,n-s---ng-,ADV
1396,",",",",u--------,AuxX
1397,ἀλλ’,ἀλλά,c--------,AuxY
1398,ὁ,ὁ,l-s---mn-,ATR
1399,δαίμων,δαίμων,n-s---mn-,SBJ
1400,τὸ,ὁ,l-s---na-,ATR
1401,πλεῖστον,πολύς,a-s---nas,ADV
1402,ἔχει,ἔχω,v3spia---,PRED_CO
1403,μέρος,μέρος,n-s---na-,OBJ
1404,",",",",u--------,AuxX
1405,τῆς,ὁ,l-s---fg-,ATR
1406,δὲ,δέ,c--------,COORD
1407,ἐνταῦθα,ἐνταῦθα,d--------,ADV
1408,ἡ,ὁ,l-s---fn-,ATR
1409,γνώμη,γνώμη,n-s---fn-,SBJ
1410,κυρία,κύριος,a-s---fn-,PNOM
1411,.,.,u--------,AuxK
1412,E,E,z--------,PRED_CO
1413,ταύτην,οὗτος,p-s---fa-,OBJ
1414,οὖν,οὖν,g--------,AuxY
1415,δείξατε,δείκνυμι,v2pama---,PRED_CO
1416,ἔχοντες,ἔχω,v-pppamn-,ADV
1417,οἵαν,οἷος,p-s---fa-,PNOM
1418,χρὴ,χρή,v3spia---,ATR_CO
1419,καὶ,καί,c--------,COORD
1420,μὴ,μή,d--------,AuxZ
1421,πάντ’,πᾶς,p-p---na-,SBJ
1422,ἐλάττους,ἐλαχύς,a-p---mnc,PNOM
1423,τῆς,ὁ,l-s---fg-,ATR
1424,τύχης,τύχη,n-s---fg-,ADV
1425,γένησθε,γίγνομαι,v2pasm---,ATR_CO
1426,",",",",u--------,AuxX
1427,ἀλλ’,ἀλλά,c--------,COORD
1428,ἀγωνίσασθε,ἀγωνίζομαι,v2pamm---,PRED_CO
1429,πρὸς,πρός,r--------,AuxP
1430,αὐτὴν,αὐτός,p-s---fa-,OBJ
1431,νῦν,νῦν,d--------,ADV
1432,",",",",u--------,AuxX
1433,ἐπειδήπερ,ἐπειδή,c--------,AuxC
1434,ἔμπροσθεν,ἔμπροσθεν,r--------,ADV
1435,οὐκ,οὐ,d--------,AuxZ
1436,ἐξῆν,ἔξεστι,v3siia---,ADV
1437,.,.,u--------,AuxK
1438,εἰ,εἰ,c--------,AuxC
1439,μὲν,μέν,g--------,AuxY
1440,γὰρ,γάρ,g--------,AuxY
1441,ἔχομεν,ἔχω,v1ppia---,ADV_CO
1442,ἀξίως,ἄξιος,d--------,ADV
1443,ἀποδύρασθαι,ἀποδύρομαι,v--anm---,OBJ
1444,",",",",u--------,AuxX
1445,κα-,καί,c--------,AuxY
1446,κἂν,ἄν,g--------,AuxY
1447,ἁπάσας,ἅπας,p-p---fa-,ATR
1448,τὰς,ὁ,l-p---fa-,ATR
1449,ὑπολοίπους,ὑπόλοιπος,a-p---fa-,ATR
1450,τοῦ,ὁ,l-s---mg-,ATR
1451,βίου,βίος,n-s---mg-,ATR
1452,νύκτας,νύξ,n-p---fa-,ADV_CO
1453,καὶ,καί,c--------,COORD
1454,ἡμέρας,ἡμέρα,n-p---fa-,ADV_CO
1455,συνάψωμεν,συνάπτω,v1pasa---,ADV_CO
1456,",",",",u--------,AuxX
1457,τοῦτο,οὗτος,p-s---na-,OBJ
1458,ποιῶμεν,ποιέω,v1ppsa---,PRED
1459,.,.,u--------,AuxK
1460,ἄξιον,ἄξιος,a-s---nn-,PNOM
1461,γὰρ,γάρ,g--------,AuxY
1462,Ἑλλάδι,Ἑλλάς,n-s---fd-,OBJ
1463,ἀνακαλέσαι,ἀνακαλέω,v--ana---,SBJ
1464,γε,γε,g--------,AuxZ
1465,οὐκ,οὐ,d--------,AuxZ
1466,εἰς,εἰς,r--------,AuxP
1467,τρὶς,τρίς,d--------,ADV_CO
1468,μόνον,μόνος,d--------,ADV
1469,",",",",u--------,AuxX
1470,ἀλλὰ,ἀλλά,c--------,COORD
1471,καὶ,καί,c--------,AuxZ
1472,μυριάκις,μυριάκις,d--------,ADV_CO
1473,Ῥόδον,Ῥόδος,n-s---fa-,OBJ
1474,οὕτω,οὕτως,d--------,ADV
1475,πεπραγυῖαν,πράσσω,v-srpafa-,ATR
1476,.,.,u--------,AuxK
1477,E,E,z--------,PRED
1478,νῦν,νῦν,d--------,ADV
1479,δὲ,δέ,c--------,AuxY
1480,τίς,τίς,p-s---cn-,SBJ
1481,οὕτως,οὕτως,d--------,ADV
1482,ἢ,ἤ,c--------,AuxY
1483,λόγος,λόγος,n-s---mn-,SBJ
1484,ἐστὶν,εἰμί,v3spia---,PRED
1485,ἰσχυρὸς,ἰσχυρός,a-s---mn-,ATR
1486,ἢ,ἤ,c--------,AuxY
1487,σοφιστὴς,σοφιστής,n-s---mn-,CO
1488,ἄκρος,ἄκρος,a-s---mn-,ATR_CO
1489,ἢ,ἤ,c--------,COORD
1490,διαρκὴς,διαρκής,a-s---mn-,ATR_CO
1491,ὅστις,ὅστις,p-s---mn-,SBJ
1492,ἂν,ἄν,g--------,AuxY
1493,ἀξίως,ἄξιος,d--------,ADV
1494,καταθρηνήσειε,καταθρηνέω,v3saoa---,ATR
1495,τὰ,ὁ,l-p---na-,ATR
1496,παρόντα,πάρειμι,v-pppana-,OBJ
1497,",",",",u--------,AuxX
1498,μὴ,μή,d--------,AuxZ
1499,πολλοστὸν,πολλοστός,a-s---na-,ATR
1500,μέρος,μέρος,n-s---na-,OBJ
1501,ὧν,ὅς,p-p---ng-,OBJ
1502,οἴεται,οἴομαι,v3spim---,ATR
1503,λέγειν,λέγω,v--pna---,OBJ
1504,παραλιπὼν,παραλείπω,v-sapamn-,ADV
1505,",",",",u--------,AuxX
1506,ἀλλ’,ἀλλά,c--------,AuxY
1507,ἑξῆς,ἑξῆς,d--------,ADV
1508,ἅπαντα,ἅπας,p-p---na-,CO
1509,;,;,u--------,AuxK
1510,E,E,z--------,UNLINKED
1511,τοῦτο,οὗτος,p-s---nn-,SBJ
1512,γάρ,γάρ,g--------,AuxY
1513,ἐστι,εἰμί,v3spia---,PRED
1514,καὶ,καί,c--------,AuxZ
1515,τὸ,ὁ,l-s---nn-,ATR
1516,πάντων,πᾶς,p-p---ng-,ATR
1517,ἀτοπώτατον,ἄτοπος,a-s---nns,PNOM
1518,",",",",u--------,AuxX
1519,ὅτι,ὅτι,c--------,AuxC
1520,ὀδυρόμενοι,ὀδύρομαι,v-pppmmn-,ADV_CO
1521,τὰ,ὁ,l-p---na-,ATR
1522,συμβεβηκότα,συμβαίνω,v-prpana-,OBJ
1523,καὶ,καί,c--------,COORD
1524,διεξιόντες,διεξέρχομαι,v-pppamn-,ADV_CO
1525,ὡς,ὡς,c--------,AuxC
1526,ἀνυπέρβλητα,ἀνυπέρβλητος,a-p---na-,ADV
1527,τὰ,ὁ,l-p---na-,ATR
1528,πλεῖστα,πολύς,a-p---nas,OBJ
1529,αὐτῶν,αὐτός,p-p---ng-,ATR
1530,παραλείπομεν,παραλείπω,v1ppia---,ADV_CO
1531,καὶ,καί,c--------,COORD
1532,οἰόμεθα,οἴομαι,v1ppim---,ADV_CO
1533,λέγειν,λέγω,v--pna---,OBJ
1534,οὐ,οὐ,d--------,AuxZ
1535,λέγοντες,λέγω,v-pppamn-,ADV
1536,.,.,u--------,AuxK
1537,τίς,τίς,p-s---cn-,SBJ
1538,γὰρ,γάρ,g--------,AuxY
1539,ἂν,ἄν,g--------,AuxY
1540,ἢ,ἤ,c--------,AuxY
1541,τὰς,ὁ,l-p---fa-,ATR
1542,συμφορὰς,συμφορά,n-p---fa-,OBJ
1543,εἴποι,λέγω,v3saoa---,PRED
1544,πρὸς,πρός,r--------,AuxP
1545,ἀξίαν,ἀξία,n-s---fa-,ADV
1546,τὰς,ὁ,l-p---fa-,ATR
1547,καινὰς,καινός,a-p---fa-,ATR
1548,ταύτας,οὗτος,p-p---fa-,ATR
1549,καὶ,καί,c--------,AuxY
1550,ἀτόπους,ἄτοπος,a-p---fa-,CO
1551,καὶ,καί,c--------,AuxY
1552,πέρα,πέρα,r--------,AuxP
1553,πάσης,πᾶς,p-s---fg-,ATR
1554,κακῶν,κακός,a-p---ng-,ATR
1555,φορᾶς,φορά,n-s---fg-,ADV
1556,γεγονυίας,γίγνομαι,v-prpafa-,ATR_CO
1557,",",",",u--------,AuxX
1558,ἢ,ἤ,c--------,COORD
1559,τὴν,ὁ,l-s---fa-,ATR
1560,ἀκμὴν,ἀκμή,n-s---fa-,ATR_CO
1561,αὐτὴν,αὐτός,p-s---fa-,ATR
1562,τοῦ,ὁ,l-s---ng-,ATR
1563,περιστάντος,περιίστημι,v-sapang-,ATR
1564,ὑμᾶς,σύ,p-p---ca-,OBJ
1565,πράγματος,πρᾶγμα,n-s---ng-,ATR
1566,;,;,u--------,AuxK
1567,τίς,τίς,p-s---cn-,SBJ
1568,δ’,δέ,c--------,AuxY
1569,ἂν,ἄν,g--------,AuxY
1570,ἔτι,ἔτι,d--------,ADV
1571,σωφρονοίη,σωφρονέω,v3spoa---,PRED
1572,τῆς,ὁ,l-s---fg-,ATR
1573,σχετλίας,σχέτλιος,a-s---fg-,ATR
1574,ἐκείνης,ἐκεῖνος,p-s---fg-,ATR
1575,μεσημβρίας,μεσημβρία,n-s---fg-,OBJ
1576,μνησθεὶς,μιμνῄσκω,v-sappmn-,ADV
1577,",",",",u--------,AuxX
1578,ἐν,ἐν,r--------,AuxP
1579,ᾗ,ὅς,p-s---fd-,ADV
1580,τὸ,ὁ,l-s---nn-,ATR
1581,κακὸν,κακός,a-s---nn-,SBJ
1582,πρῶτον,πρῶτος,a-s---na-,ADV
1583,ἤρχετο,ἄρχω,v3siim---,ATR_CO
1584,καὶ,καί,c--------,COORD
1585,κατῄει,κατέρχομαι,v3siia---,ATR_CO
1586,",",",",u--------,AuxX
1587,ἡνίκα,ἡνίκα,c--------,AuxC
1588,εἱστήκει,ἵστημι,v3slia---,ADV_CO
1589,μὲν,μέν,g--------,AuxY
1590,ἡ,ὁ,l-s---fn-,ATR
1591,θάλαττα,θάλασσα,n-s---fn-,SBJ
1592,καραδοκοῦσα,καραδοκέω,v-sppafn-,ADV
1593,τὸ,ὁ,l-s---na-,ATR
1594,μέλλον,μέλλω,v-sppana-,OBJ
1595,",",",",u--------,AuxX
1596,ὥσπερ,ὥσπερ,c--------,AuxC
1597,ἄλλον,ἄλλος,p-s---ma-,ATR
1598,τινὰ,τις,p-s---ca-,ATR
1599,χειμῶνα,χειμών,n-s---ma-,OBJ
1600,μέγαν,μέγας,a-s---ma-,ATR_CO
1601,καὶ,καί,c--------,COORD
1602,ἀνήκεστον,ἀνήκεστος,a-s---ma-,ATR_CO
1603,προσδεχομένη,προσδέχομαι,v-sppmfn-,ADV
1604,",",",",u--------,AuxX
1605,σιγὴν,σιγή,n-s---fa-,OBJ
1606,δ’,δέ,c--------,AuxY
1607,εἶχεν,ἔχω,v3siia---,ADV_CO
1608,ἅπας,ἅπας,p-s---mn-,ATR
1609,ὁ,ὁ,l-s---mn-,ATR
1610,ἀὴρ,ἀήρ,n-s---mn-,SBJ
1611,",",",",u--------,AuxX
1612,ὥσπερ,ὥσπερ,c--------,AuxC
1613,προσδοκῶν,προσδοκάω,v-sppamn-,ADV
1614,τὸ,ὁ,l-s---na-,ATR
1615,ἐσόμενον,εἰμί,v-sfpmna-,OBJ
1616,",",",",u--------,AuxX
1617,καὶ,καί,c--------,AuxY
1618,ὄρνιθες,ὄρνις,n-p---mn-,SBJ_CO
1619,καὶ,καί,c--------,COORD
1620,πάντα,πᾶς,p-p---na-,SBJ_CO
1621,ἡσύχαζον,ἡσυχάζω,v3piia---,ADV_CO
1622,ἐπὶ,ἐπί,r--------,AuxP
1623,τῷ,ὁ,l-s---nd-,ATR
1624,μέλλοντι,μέλλω,v-sppand-,ADV
1625,",",",",u--------,AuxX
1626,ὑπέκειτο,ὑπόκειμαι,v3siim---,ADV_CO
1627,δὲ,δέ,c--------,AuxY
1628,ἄρα,ἄρα,g--------,AuxY
1629,ἡ,ὁ,l-s---fn-,ATR
1630,πόλις,πόλις,n-s---fn-,SBJ
1631,τοιούτῳ,τοιοῦτος,p-s---nd-,ATR
1632,παθήματι,πάθημα,n-s---nd-,ADV
1633,καὶ,καί,c--------,COORD
1634,ἐπὶ,ἐπί,r--------,AuxP
1635,ταύτην,οὗτος,p-s---fa-,ADV
1636,πᾶς,πᾶς,p-s---mn-,ATR
1637,ὁ,ὁ,l-s---mn-,ATR
1638,σεισμὸς,σεισμός,n-s---mn-,SBJ
1639,ἠρτύετο,ἀρτύω,v3siim---,ADV_CO
1640,·,·,u--------,AuxK
1641,E,E,z--------,ADV
1642,ὁ,ὁ,l-s---mn-,ATR
1643,δὲ,δέ,c--------,AuxY
1644,ἥλιος,ἥλιος,n-s---mn-,SBJ
1645,τελευταῖα,τελευταῖος,a-p---na-,ADV
1646,δὴ,δή,g--------,AuxY
1647,τότε,τότε,d--------,ADV
1648,ἐπέλαμπε,ἐπιλάμπω,v3siia---,PRED_CO
1649,τὴν,ὁ,l-s---fa-,ATR
1650,ἑαυτοῦ,ἑαυτοῦ,p-s---mg-,ATR
1651,πόλιν,πόλις,n-s---fa-,OBJ
1652,",",",",u--------,AuxX
1653,καὶ,καί,c--------,COORD
1654,παρῆν,πάρειμι,v3siia---,PRED_CO
1655,ἐξαίφνης,ἐξαίφνης,d--------,ADV
1656,πάντα,πᾶς,p-p---nn-,ATR
1657,ὁμοῦ,ὁμοῦ,d--------,ADV
1658,τὰ,ὁ,l-p---nn-,ATR
1659,δεινά,δεινός,a-p---nn-,SBJ
1660,.,.,u--------,AuxK
1661,ὑπανεχώρει,ὑπαναχωρέω,v3siia---,PRED_CO
1662,μὲν,μέν,g--------,AuxY
1663,ἡ,ὁ,l-s---fn-,ATR
1664,θάλαττα,θάλασσα,n-s---fn-,SBJ
1665,καὶ,καί,c--------,AuxY
1666,πᾶν,πᾶς,p-s---nn-,SBJ
1667,ἐψιλοῦτο,ψιλόω,v3siim---,CO
1668,τῶν,ὁ,l-p---mg-,ATR
1669,λιμένων,λιμήν,n-p---mg-,ATR
1670,τὸ,ὁ,l-s---nn-,ATR
1671,ἐντὸς,ἐντός,r--------,SBJ
1672,",",",",u--------,AuxX
1673,ἀνερριπτοῦντο,ἀναρρίπτω,v3piim---,PRED_CO
1674,δὲ,δέ,c--------,AuxY
1675,οἰκίαι,οἰκία,n-p---fn-,SBJ
1676,καὶ,καί,c--------,AuxY
1677,μνήματα,μνῆμα,n-p---nn-,CO
1678,ἀνερρήγνυντο,ἀναρρήγνυμι,v3piim---,PRED_CO
1679,",",",",u--------,AuxX
1680,πύργοι,πύργος,n-p---mn-,SBJ
1681,δὲ,δέ,c--------,AuxY
1682,πύργοις,πύργος,n-p---md-,OBJ
1683,ἐνέπιπτον,ἐμπίπτω,v3piia---,PRED_CO
1684,καὶ,καί,c--------,AuxY
1685,νεώσοικοι,νεώσοικος,a-p---mn-,ATR
1686,τριήρεσι,τριήρης,n-p---fd-,ADV
1687,καὶ,καί,c--------,AuxY
1688,νεῲ,ναός,n-s---md-,CO
1689,βωμοῖς,βωμός,n-p---md-,CO
1690,καὶ,καί,c--------,AuxY
1691,ἀναθήματα,ἀνάθημα,n-p---nn-,SBJ
1692,ἀγάλμασι,ἄγαλμα,n-p---nd-,ATR
1693,καὶ,καί,c--------,AuxY
1694,ἄνδρες,ἀνήρ,n-p---mn-,CO
1695,ἀνδράσι,ἀνήρ,n-p---md-,ATR
1696,",",",",u--------,AuxX
1697,καὶ,καί,c--------,AuxY
1698,πύργοι,πύργος,n-p---mn-,CO
1699,λιμέσι,λιμήν,n-p---md-,OBJ
1700,",",",",u--------,AuxX
1701,καὶ,καί,c--------,COORD
1702,πάντα,πᾶς,p-p---nn-,CO
1703,ἀλλήλοις,ἀλλήλων,p-p---md-,OBJ
1704,.,.,u--------,AuxK
1705,E,E,z--------,PRED_CO
1706,ἐν,ἐν,r--------,AuxP
1707,ὅσῳ,ὅσος,p-s---nd-,ADV
1708,δὲ,δέ,c--------,AuxY
1709,ἀνὴρ,ἀνήρ,n-s---mn-,SBJ
1710,ἄγκυραν,ἄγκυρα,n-s---fa-,OBJ
1711,εἰς,εἰς,r--------,AuxP
1712,ἀπόπλουν,ἀπόπλοος,n-s---ma-,OBJ
1713,ἀνήρτητο,ἀναρτάω,v3siim---,ADV
1714,",",",",u--------,AuxX
1715,μεταστραφεὶς,μεταστρέφω,v-sappmn-,ADV
1716,οὐκέτ’,οὐκέτι,d--------,AuxZ
1717,εἶχεν,ἔχω,v3siia---,PRED_CO
1718,ἰδεῖν,ὁράω,v--ana---,OBJ
1719,τὴν,ὁ,l-s---fa-,ATR
1720,πόλιν,πόλις,n-s---fa-,OBJ
1721,",",",",u--------,AuxX
1722,ἀλλ’,ἀλλά,c--------,COORD
1723,ἐγίγνετο,γίγνομαι,v3siim---,PRED_CO
1724,πάντα,πᾶς,p-p---nn-,SBJ
1725,ὁμοῦ,ὁμοῦ,d--------,ADV
1726,",",",",u--------,AuxX
1727,οἱ,ὁ,l-p---mn-,ATR
1728,λιμένες,λιμήν,n-p---mn-,SBJ
1729,ἐπὶ,ἐπί,r--------,AuxP
1730,ξηροῦ,ξηρός,a-s---ng-,ADV
1731,",",",",u--------,AuxX
1732,ἡ,ὁ,l-s---fn-,ATR
1733,πόλις,πόλις,n-s---fn-,SBJ
1734,ἐν,ἐν,r--------,AuxP
1735,κόνει,κόνις,n-s---fd-,ADV
1736,",",",",u--------,AuxX
1737,δρόμοι,δρόμος,n-p---mn-,SBJ
1738,κατ’,κατά,r--------,AuxP
1739,οἰκίας,οἰκία,n-s---fg-,ADV
1740,ἐκ,ἐκ,r--------,AuxP
1741,στενωπῶν,στενωπός,a-p---fg-,ATR
1742,",",",",u--------,AuxX
1743,εἰς,εἰς,r--------,AuxP
1744,στενωποὺς,στενωπός,a-p---ma-,ADV
1745,ἐξ,ἐκ,r--------,AuxP
1746,οἰκιῶν,οἰκία,n-p---fg-,ADV
1747,",",",",u--------,AuxX
1748,θάνατοι,θάνατος,n-p---mn-,SBJ
1749,κατ’,κατά,r--------,AuxP
1750,οἰκίας,οἰκία,n-s---fg-,ATR
1751,",",",",u--------,AuxX
1752,ἐν,ἐν,r--------,AuxP
1753,ἱεροῖς,ἱερόν,n-p---nd-,CO
1754,",",",",u--------,AuxX
1755,ἐν,ἐν,r--------,AuxP
1756,θύραις,θύρα,n-p---fd-,CO
1757,",",",",u--------,AuxX
1758,ἐν,ἐν,r--------,AuxP
1759,πύλαις,πύλη,n-p---fd-,CO
1760,.,.,u--------,AuxK
1761,E,E,z--------,PRED_CO
1762,ἔξω,ἔξω,d--------,ADV
1763,μὲν,μέν,g--------,AuxY
1764,τὰ,ὁ,l-p---nn-,ATR
1765,μνήματα,μνῆμα,n-p---nn-,SBJ
1766,ἀνερρίπτει,ἀναρρίπτω,v3siia---,PRED_CO
1767,τοὺς,ὁ,l-p---ma-,ATR
1768,κειμένους,κεῖμαι,v-pppmma-,OBJ
1769,",",",",u--------,AuxX
1770,ἔνδον,ἔνδον,d--------,ADV
1771,δὲ,δέ,c--------,COORD
1772,ἐκρύπτοντο,κρύπτω,v3piim---,PRED_CO
1773,οἱ,ὁ,l-p---mn-,ATR
1774,τελευτήσαντες,τελευτάω,v-papamn-,SBJ
1775,·,·,u--------,AuxK
1776,τῶν,ὁ,l-p---mg-,ATR
1777,δ’,δέ,c--------,AuxY
1778,ὥσπερ,ὥσπερ,c--------,AuxC
1779,τὰ,ὁ,l-p---nn-,ATR
1780,εὐκταῖα,εὐκταῖος,a-p---nn-,ATR
1781,ἀναθήματα,ἀνάθημα,n-p---nn-,SBJ
1782,χεῖρες,χείρ,n-p---fn-,SBJ
1783,ἐπ’,ἐπί,r--------,AuxP
1784,ἄκρων,ἄκρος,a-p---mg-,ATR
1785,τοίχων,τοῖχος,n-p---mg-,ADV
1786,",",",",u--------,AuxX
1787,τῶν,ὁ,l-p---mg-,ATR
1788,δὲ,δέ,c--------,AuxY
1789,πόδες,πούς,n-p---mn-,SBJ
1790,",",",",u--------,AuxX
1791,τῶν,ὁ,l-p---mg-,ATR
1792,δ’,δέ,c--------,AuxY
1793,ἄλλο,ἄλλος,p-s---nn-,ATR
1794,τι,τις,p-s---nn-,ATR
1795,λείψανον,λείψανον,n-s---nn-,SBJ
1796,ἑωρᾶτο,ὁράω,v3siim---,PRED
1797,·,·,u--------,AuxK
1798,E,E,z--------,ADV
1799,E,E,z--------,CO
1800,καὶ,καί,c--------,AuxY
1801,οὐ,οὐ,d--------,AuxZ
1802,-δὲ,δέ,c--------,MWE
1803,ταῦθ’,οὗτος,p-p---na-,OBJ
1804,ἕκαστα,ἕκαστος,p-p---na-,OBJ
1805,ἐνῆν,ἔνειμι,v3siia---,PRED
1806,εἰκάσαι,εἰκάζω,v--ana---,SBJ
1807,τίνων,τίς,p-p---ng-,OBJ
1808,λείπεται,λείπω,v3spim---,OBJ
1809,.,.,u--------,AuxK
1810,καὶ,καί,c--------,AuxY
1811,οἱ,ὁ,l-p---mn-,SBJ
1812,μὲν,μέν,g--------,AuxY
1813,τὰς,ὁ,l-p---fa-,ATR
1814,ἑαυτῶν,ἑαυτοῦ,p-p---mg-,ATR
1815,φεύγοντες,φεύγω,v-pppamn-,ADV
1816,οἰκίας,οἰκία,n-p---fa-,OBJ
1817,ἐν,ἐν,r--------,AuxP
1818,ταῖς,ὁ,l-p---fd-,ADV
1819,ἑτέρων,ἕτερος,p-p---mg-,ADV
1820,ἀπώλλυντο,ἀπόλλυμι,v3piim---,PRED
1821,",",",",u--------,AuxX
1822,οἱ,ὁ,l-p---mn-,SBJ
1823,δ’,δέ,c--------,AuxY
1824,ἐν,ἐν,r--------,AuxP
1825,ταῖς,ὁ,l-p---fd-,ADV
1826,ἑαυτῶν,ἑαυτοῦ,p-p---mg-,ATR
1827,ὑπ’,ὑπό,r--------,AuxP
1828,ἐκπλήξεως,ἔκπληξις,n-s---fg-,OBJ
1829,μένοντες,μένω,v-pppamn-,ADV
1830,",",",",u--------,AuxX
1831,οἱ,ὁ,l-p---mn-,ATR
1832,δὲ,δέ,c--------,AuxY
1833,ἐκθέοντες,ἐκθέω,v-pppamn-,CO
1834,ἐγκαταλαμβανόμενοι,ἐγκαταλαμβάνω,v-pppmmn-,ADV
1835,",",",",u--------,AuxX
1836,οἱ,ὁ,l-p---mn-,ATR
1837,δὲ,δέ,c--------,AuxY
1838,ἀπολειφθέντες,ἀπολείπω,v-pappmn-,ATR
1839,ἡμιθνῆτες,ἡμιθνής,n-p---mn-,PNOM
1840,",",",",u--------,AuxX
1841,οὐκ,οὐ,d--------,AuxZ
1842,ἔχοντες,ἔχω,v-pppamn-,ADV
1843,ἐξαναδῦναι,ἐξαναδύομαι,v--ana---,OBJ_CO
1844,οὐ,οὐ,d--------,AuxZ
1845,-δὲ,δέ,c--------,COORD
1846,αὑτοὺς,ἑαυτοῦ,p-p---ma-,OBJ
1847,ῥύσασθαι,ἐρύω,v--anm---,OBJ_CO
1848,",",",",u--------,AuxX
1849,κακῶν,κακός,a-p---ng-,ATR
1850,ἐπιθήκην,ἐπιθήκη,n-s---fa-,OBJ
1851,τὸν,ὁ,l-s---ma-,ATR
1852,λιμὸν,λιμός,n-s---ma-,OBJ
1853,προσελάμβανον,προσλαμβάνω,v3piia---,PRED_CO
1854,",",",",u--------,AuxX
1855,καὶ,καί,c--------,COORD
1856,τοσοῦτον,τοσοῦτος,p-s---na-,OBJ
1857,κερδαίνοντες,κερδαίνω,v-pppamn-,ADV
1858,",",",",u--------,AuxX
1859,ὅσον,ὅσος,p-s---na-,ADV
1860,γνῶναι,γιγνώσκω,v--ana---,OBJ
1861,τὴν,ὁ,l-s---fa-,ATR
1862,πατρίδα,πατρίς,n-s---fa-,OBJ
1863,οὐκ,οὐ,d--------,AuxZ
1864,οὖσαν,εἰμί,v-sppafa-,ADV
1865,",",",",u--------,AuxX
1866,ἐπαπώλλυντο,ἐπαπόλλυμι,v3piim---,PRED_CO
1867,.,.,u--------,AuxK
1868,E,E,z--------,UNLINKED
1869,τῶν,ὁ,l-p---mg-,ATR
1870,δὲ,δέ,c--------,AuxY
1871,διέκρινε,διακρίνω,v3siia---,PRED
1872,τὰ,ὁ,l-p---na-,ATR
1873,σώματα,σῶμα,n-p---na-,OBJ
1874,ἡ,ὁ,l-s---fn-,ATR
1875,τύχη,τύχη,n-s---fn-,SBJ
1876,",",",",u--------,AuxX
1877,καὶ,καί,c--------,AuxY
1878,τὰ,ὁ,l-p---nn-,ATR
1879,μὲν,μέν,g--------,AuxY
1880,ἡμίσεα,ἥμισυς,a-p---nn-,SBJ
1881,εἴσω,εἴσω,d--------,AuxP
1882,θυρῶν,θύρα,n-p---fg-,OBJ
1883,ἀπείληπτο,ἀπολαμβάνω,v3slim---,PRED_CO
1884,",",",",u--------,AuxX
1885,τὰ,ὁ,l-p---nn-,ATR
1886,δ’,δέ,c--------,COORD
1887,ἡμίτομα,ἡμίτομος,a-p---nn-,SBJ
1888,ἔξω,ἔξω,d--------,ADV
1889,προὔκειτο,πρόκειμαι,v3siim---,PRED_CO
1890,.,.,u--------,AuxK
1891,καὶ,καί,c--------,AuxY
1892,τούτοις,οὗτος,p-p---nd-,OBJ
1893,ἕτερα,ἕτερος,p-p---nn-,ATR
1894,αὖ,αὖ,d--------,ADV
1895,προσενέπιπτε,προσεμπίτνω,v3siia---,PRED
1896,σώματα,σῶμα,n-p---nn-,SBJ
1897,",",",",u--------,AuxX
1898,σκεύη,σκεῦος,n-p---nn-,APOS
1899,",",",",u--------,AuxX
1900,λίθοι,λίθος,n-p---mn-,CO
1901,",",",",u--------,AuxX
1902,ὅ,ὅς,p-s---na-,OBJ
1903,τι,τις,p-s---na-,ATR
1904,ἑκάστῳ,ἕκαστος,p-s---md-,OBJ
1905,φέρων,φέρω,v-sppamn-,ADV
1906,ὁ,ὁ,l-s---mn-,ATR
1907,σεισμὸς,σεισμός,n-s---mn-,SBJ
1908,ἀνέμιξεν,ἀναμίσγω,v3saia---,ATR
1909,.,.,u--------,AuxK
1910,οἱ,ὁ,l-p---mn-,SBJ
1911,μὲν,μέν,g--------,AuxY
1912,προσεδόκων,προσδοκάω,v3piia---,PRED_CO
1913,",",",",u--------,AuxX
1914,οἱ,ὁ,l-p---mn-,SBJ
1915,δὲ,δέ,c--------,AuxY
1916,τοὺς,ὁ,l-p---ma-,ATR
1917,οἰκείους,οἰκεῖος,a-p---ma-,OBJ
1918,ἐζήτουν,ζητέω,v3piia---,PRED_CO
1919,",",",",u--------,AuxX
1920,οἱ,ὁ,l-p---mn-,SBJ
1921,δ’,δέ,c--------,AuxY
1922,οὐκ,οὐ,d--------,AuxZ
1923,εἶχον,ἔχω,v3piia---,PRED_CO
1924,πότερ’,πότερος,d--------,ADV
1925,αὑτοὺς,ἑαυτοῦ,p-p---ma-,OBJ
1926,ἢ,ἤ,c--------,COORD
1927,τοὺς,ὁ,l-p---ma-,OBJ
1928,ἑαυτῶν,ἑαυτοῦ,p-p---mg-,ATR
1929,ὀδύρωνται,ὀδύρομαι,v3ppsm---,PRED_CO
1930,·,·,u--------,AuxK
1931,οἱ,ὁ,l-p---mn-,SBJ
1932,δὲ,δέ,c--------,AuxY
1933,ἀπῴμωζον,ἀποιμώζω,v3piia---,PRED_CO
1934,τὴν,ὁ,l-s---fa-,ATR
1935,πόλιν,πόλις,n-s---fa-,OBJ
1936,",",",",u--------,AuxX
1937,οἱ,ὁ,l-p---mn-,SBJ
1938,δὲ,δέ,c--------,COORD
1939,ἐνεπίμπραντο,ἐμπίμπρημι,v3piim---,PRED_CO
1940,",",",",u--------,AuxX
1941,ὁμοῦ,ὁμοῦ,d--------,ADV
1942,τῶν,ὁ,l-p---mg-,ATR
1943,ὀρόφων,ὄροφος,n-p---mg-,SBJ_CO
1944,καὶ,καί,c--------,COORD
1945,τῶν,ὁ,l-p---mg-,ATR
1946,ἑστιῶν,ἑστία,n-p---fg-,SBJ_CO
1947,γενομένων,γίγνομαι,v-papmmg-,ADV
1948,.,.,u--------,AuxK
1949,οἱ,ὁ,l-p---mn-,SBJ
1950,δὲ,δέ,c--------,AuxY
1951,παῖδας,παῖς,n-p---ca-,OBJ
1952,ἐξαρπάζοντες,ἐξαρπάζω,v-pppamn-,ADV
1953,αὐτοὶ,αὐτός,p-p---mn-,ADV
1954,κατελαμβάνοντο,καταλαμβάνω,v3piim---,PRED_CO
1955,",",",",u--------,AuxX
1956,οἱ,ὁ,l-p---mn-,SBJ
1957,δὲ,δέ,c--------,COORD
1958,ἑαυτοὺς,ἑαυτοῦ,p-p---ma-,OBJ
1959,ἐπαπεκτίννυον,ἐπαποκτείνω,v3piia---,PRED_CO
1960,.,.,u--------,AuxK
1961,ὁ,ὁ,l-s---mn-,ATR
1962,δὲ,δέ,c--------,AuxY
1963,κῶμος,κῶμος,n-s---mn-,SBJ
1964,ἦν,εἰμί,v3siia---,PRED
1965,ἄγριος,ἄγριος,a-s---mn-,PNOM
1966,τοῦ,ὁ,l-s---mg-,ATR
1967,τότε,τότε,d--------,ATR
1968,ἀρίστου,ἀγαθός,a-s---ngs,ADV
1969,.,.,u--------,AuxK
1970,οἱ,ὁ,l-p---mn-,ATR
1971,μὲν,μέν,g--------,AuxY
1972,οὐ,οὐ,d--------,AuxZ
1973,πρὸ,πρό,r--------,AuxP
1974,πολλοῦ,πολύς,a-s---ng-,ADV
1975,κληθέντες,καλέω,v-pappmn-,ATR
1976,νυμφίοι,νυμφίος,n-p---mn-,SBJ
1977,ἔκειντο,κεῖμαι,v3piim---,PRED_CO
1978,εἰς,εἰς,r--------,AuxP
1979,οὐδὲν,οὐδείς,p-s---na-,OBJ
1980,καλὸν,καλός,a-s---na-,ATR
1981,ᾁσαντες,ᾀζω,v-papamn-,ADV
1982,τὸν,ὁ,l-s---ma-,ATR
1983,ὑμέναιον,ὑμέναιος,n-s---ma-,OBJ
1984,",",",",u--------,AuxX
1985,οὐ,οὐ,d--------,AuxZ
1986,ῥᾴδιον,ῥᾴδιος,a-s---nn-,PNOM
1987,γνῶναι,γιγνώσκω,v--ana---,SBJ
1988,πότερον,πότερος,g--------,AuxY
1989,αὐτοὶ,αὐτός,p-p---mn-,SBJ
1990,δυστυχεῖς,δυστυχής,a-p---mn-,PNOM
1991,",",",",u--------,AuxX
1992,ἢ,ἤ,c--------,AuxY
1993,ἃς,ὅς,p-p---fa-,OBJ
1994,ἠγάγοντο,ἄγω,v3paim---,OBJ
1995,οἱ,ὁ,l-p---mn-,ATR
1996,δὲ,δέ,c--------,COORD
1997,ἀπὸ,ἀπό,r--------,AuxP
1998,θαλάττης,θάλασσα,n-s---fg-,ADV
1999,ἀναβεβηκότες,ἀναβαίνω,v-prpamn-,SBJ
2000,τὴν,ὁ,l-s---fa-,ATR
2001,πατρῴαν,πατρῷος,a-s---fa-,ATR
2002,ἑστίαν,ἑστία,n-s---fa-,OBJ
2003,ἀπιστοτέραν,ἄπιστος,a-s---fac,OCOMP
2004,τῆς,ὁ,l-s---fg-,ATR
2005,θαλάττης,θάλασσα,n-s---fg-,ADV
2006,εὗρον,εὑρίσκω,v3paia---,PRED_CO
2007,·,·,u--------,AuxK
2008,E,E,z--------,CO
2009,οἱ,ὁ,l-p---mn-,SBJ
2010,δὲ,δέ,c--------,AuxY
2011,ἐπ’,ἐπί,r--------,AuxP
2012,ἀναγωγὴν,ἀναγωγή,n-s---fa-,OBJ
2013,σπεύδοντες,σπεύδω,v-pppamn-,SBJ
2014,τελευταῖα,τελευταῖος,a-p---na-,ADV
2015,δὴ,δή,g--------,AuxY
2016,τότε,τότε,d--------,ADV
2017,οἴκοθεν,οἴκοθεν,d--------,ADV
2018,ἀνήγοντο,ἀνάγω,v3piim---,PRED
2019,",",",",u--------,AuxX
2020,προκαταδύσης,προκαταδύω,v-sapafg-,ADV
2021,αὐτοῖς,αὐτός,p-p---md-,OBJ
2022,τῆς,ὁ,l-s---fg-,ATR
2023,πατρίδος,πατρίς,n-s---fg-,SBJ
2024,.,.,u--------,AuxK
2025,κατεῖχε,κατέχω,v3siia---,PRED
2026,δὲ,δέ,c--------,AuxY
2027,ὁμοῦ,ὁμοῦ,d--------,ADV
2028,σεισμὸς,σεισμός,n-s---mn-,SBJ
2029,θαλάττης,θάλασσα,n-s---fg-,ATR
2030,",",",",u--------,AuxX
2031,νεφέλης,νεφέλη,n-s---fg-,ATR
2032,κτύπος,κτύπος,n-s---mn-,APOS
2033,",",",",u--------,AuxX
2034,οἰμωγαὶ,οἰμωγή,n-p---fn-,CO
2035,",",",",u--------,AuxX
2036,πάταγος,πάταγος,n-s---mn-,CO
2037,πτωμάτων,πτῶμα,n-p---ng-,ATR
2038,",",",",u--------,AuxX
2039,γῆς,γῆ,n-s---fg-,ATR
2040,ἐκφυσήματα,ἐκφύσημα,n-p---nn-,CO
2041,.,.,u--------,AuxK
2042,οἶμαι,οἴομαι,v1spim---,PRED
2043,γὰρ,γάρ,g--------,AuxY
2044,οὔ,οὐ,d--------,AuxZ
2045,-τε,τε,c--------,AuxY
2046,τοὺς,ὁ,l-p---ma-,ATR
2047,ὑπὲρ,ὑπέρ,r--------,AuxP
2048,Αἴγυπτον,Αἴγυπτος,n-s---fa-,ATR
2049,καταρράκτας,καταρράκτης,n-p---ma-,SBJ_CO
2050,οὔ,οὐ,d--------,AuxZ
2051,-τε,τε,c--------,AuxY
2052,τὴν,ὁ,l-s---fa-,ATR
2053,τῆς,ὁ,l-s---fg-,ATR
2054,ἔξω,ἔξω,d--------,ATR
2055,θαλάττης,θάλασσα,n-s---fg-,ATR
2056,ῥαχίαν,ῥαχία,n-s---fa-,SBJ_CO
2057,οὔ,οὐ,d--------,AuxZ
2058,-τε,τε,c--------,AuxY
2059,σκηπτοὺς,σκηπτός,n-p---ma-,SBJ_CO
2060,πυρφόρους,πύρφορος,a-p---ma-,ATR
2061,οὔ,οὐ,d--------,AuxZ
2062,-θ’,τε,c--------,COORD
2063,ὅ,ὅς,p-s---nn-,SBJ
2064,τι,τις,p-s---nn-,ATR
2065,πλεῖστον,πολύς,a-s---nns,ATR
2066,ἠχεῖ,ἠχέω,v3spia---,SBJ_CO
2067,κατ’,κατά,r--------,AuxP
2068,ἀνθρώπους,ἄνθρωπος,n-p---ma-,ADV
2069,τῷ,ὁ,l-s---nd-,ATR
2070,τότ’,τότε,d--------,ADV
2071,εἶναι,εἰμί,v--pna---,OBJ
2072,κακῷ,κακός,a-s---nd-,PNOM_CO
2073,καὶ,καί,c--------,COORD
2074,κτύπῳ,κτύπος,n-s---md-,PNOM_CO
2075,παραβαλεῖν,παραβάλλω,v--ana---,OBJ
2076,",",",",u--------,AuxX
2077,ὃς,ὅς,p-s---mn-,SBJ
2078,ἐξ,ἐκ,r--------,AuxP
2079,ἁπάντων,ἅπας,p-p---mg-,ADV
2080,εἷς,εἷς,m-s---mn-,ATR
2081,ἠγείρετο,ἀγείρω,v3siim---,ATR
2082,συμμιγὴς,συμμιγής,a-s---mn-,ATR
2083,",",",",u--------,AuxX
2084,τὴν,ὁ,l-s---fa-,ATR
2085,ἀπροσδόκητον,ἀπροσδόκητος,a-s---fa-,ATR_CO
2086,καὶ,καί,c--------,COORD
2087,ἄχαριν,ἄχαρις,a-s---fa-,ATR_CO
2088,συναυλίαν,συναυλία,n-s---fa-,OBJ
2089,πληρῶν,πληρόω,v-sppamn-,ADV
2090,",",",",u--------,AuxX
2091,ἐφ’,ἐπί,r--------,AuxP
2092,ᾗ,ὅς,p-s---fd-,ADV
2093,Ῥόδος,Ῥόδος,n-s---fn-,SBJ
2094,ἐξωρμήκει,ἐξορμάω,v3slia---,ATR
2095,·,·,u--------,AuxK
2096,συνενήνεκτό,συμφέρω,v3slim---,PRED
2097,τε,τε,c--------,AuxY
2098,εἰς,εἰς,r--------,AuxP
2099,ταυτὸν,τατός,a-s---na-,OBJ
2100,νεκροὶ,νεκρός,a-p---mn-,SBJ
2101,",",",",u--------,AuxX
2102,βωμοὶ,βωμός,n-p---mn-,CO
2103,",",",",u--------,AuxX
2104,στέγαι,στέγη,n-p---fn-,CO
2105,",",",",u--------,AuxX
2106,κόνις,κόνις,n-s---fn-,CO
2107,",",",",u--------,AuxX
2108,αἷμα,αἷμα,n-s---nn-,CO
2109,",",",",u--------,AuxX
2110,ἔπιπλα,ἔπιπλα,n-p---nn-,CO
2111,",",",",u--------,AuxX
2112,ὄροφοι,ὄροφος,n-p---mn-,CO
2113,",",",",u--------,AuxX
2114,θεμέλια,θεμέλιος,n-p---na-,CO
2115,",",",",u--------,AuxX
2116,οἰκέται,οἰκέτης,n-p---mn-,CO
2117,",",",",u--------,AuxX
2118,δεσπόται,δεσπότης,n-p---mn-,CO
2119,",",",",u--------,AuxX
2120,μέλη,μέλος,n-p---nn-,CO
2121,σωμάτων,σῶμα,n-p---ng-,ATR
2122,",",",",u--------,AuxX
2123,εἰκόνες,εἰκών,n-p---fn-,CO
2124,",",",",u--------,AuxX
2125,σφαγαὶ,σφαγή,n-p---fn-,CO
2126,",",",",u--------,AuxX
2127,τάφοι,τάφος,n-p---mn-,CO
2128,",",",",u--------,AuxX
2129,δεῖπνα,δεῖπνον,n-p---nn-,CO
2130,.,.,u--------,AuxK
2131,οἱ,ὁ,l-p---mn-,SBJ
2132,μὲν,μέν,g--------,AuxY
2133,τοῖς,ὁ,l-p---nd-,ATR
2134,σώμασι,σῶμα,n-p---nd-,ADV
2135,τῶν,ὁ,l-p---mg-,ATR
2136,φιλτάτων,φίλος,a-p---mgs,ATR
2137,σκηνοῦντες,σκηνόω,v-pppamn-,ADV
2138,ἐλάνθανον,λανθάνω,v3piia---,PRED
2139,αὑτοὺς,ἑαυτοῦ,p-p---ma-,OBJ
2140,",",",",u--------,AuxX
2141,οἱ,ὁ,l-p---mn-,SBJ
2142,δὲ,δέ,c--------,AuxY
2143,ἐζήτουν,ζητέω,v3piia---,CO
2144,τὰ,ὁ,l-p---na-,ATR
2145,λοιπὰ,λοιπός,a-p---na-,OBJ
2146,ἑαυτῶν,ἑαυτοῦ,p-p---mg-,ATR
2147,οἱ,ὁ,l-p---mn-,SBJ
2148,μὲν,μέν,g--------,AuxY
2149,πόδας,πούς,n-p---ma-,OBJ
2150,",",",",u--------,AuxX
2151,οἱ,ὁ,l-p---mn-,SBJ
2152,δὲ,δέ,c--------,AuxY
2153,χεῖρας,χείρ,n-p---fa-,OBJ
2154,",",",",u--------,AuxX
2155,οἱ,ὁ,l-p---mn-,SBJ
2156,δ’,δέ,c--------,AuxY
2157,ὅ,ὅς,p-s---na-,OBJ
2158,τι,τις,p-s---na-,ATR
2159,ἕκαστος,ἕκαστος,p-s---mn-,SBJ
2160,ἐπηρώθη,πηρόω,v3saip---,ATR
2161,τοῦ,ὁ,l-s---ng-,ATR
2162,σώματος,σῶμα,n-s---ng-,ATR
2163,",",",",u--------,AuxX
2164,οἱ,ὁ,l-p---mn-,SBJ
2165,δὲ,δέ,c--------,AuxY
2166,καὶ,καί,c--------,AuxZ
2167,συνέθαπτον,συνθάπτω,v3piia---,CO
2168,ταῦτα,οὗτος,p-p---na-,OBJ
2169,τοῖς,ὁ,l-p---md-,ATR
2170,οἰκείοις,οἰκεῖος,a-p---md-,OBJ
2171,",",",",u--------,AuxX
2172,οἱ,ὁ,l-p---mn-,SBJ
2173,δ’,δέ,c--------,AuxY
2174,ὑπὸ,ὑπό,r--------,AuxP
2175,τῶν,ὁ,l-p---mg-,ATR
2176,ἑκατέρωθεν,ἑκατέρωθεν,d--------,ADV
2177,ἐμπεσόντων,ἐμπίπτω,v-papamg-,OBJ
2178,συσχεθέντες,συνέχω,v-pappmn-,ADV
2179,ἠνείχοντο,ἀνέχω,v3piim---,CO
2180,",",",",u--------,AuxX
2181,οἱ,ὁ,l-p---mn-,SBJ
2182,δὲ,δέ,c--------,AuxY
2183,πρότερον,πρότερος,d-------c,ADV
2184,κατωρύχθησαν,κατορύσσω,v3paip---,CO
2185,ἢ,ἤ,c--------,AuxC
2186,ἀπέθανον,ἀποθνῄσκω,v3paia---,ADV
2187,·,·,u--------,AuxK
2188,E,E,z--------,ADV
2189,E,E,z--------,UNLINKED
2190,πᾶν,πᾶς,p-s---na-,ATR
2191,δὴ,δή,g--------,AuxY
2192,κακῶν,κακός,a-p---ng-,ATR
2193,εἶδος,εἶδος,n-s---na-,OBJ_CO
2194,καὶ,καί,c--------,COORD
2195,ἅ,ὅς,p-p---na-,OBJ
2196,τις,τις,p-s---cn-,SBJ
2197,μηδεπώποτε,μηδεπώποτε,d--------,ADV
2198,ἐπενόησε,ἐπινοέω,v3saia---,OBJ_CO
2199,",",",",u--------,AuxX
2200,τότε,τότε,d--------,ADV
2201,πρῶτον,πρῶτος,a-s---na-,ADV
2202,εἰσεῖδεν,εἰσοράω,v3saia---,PRED
2203,.,.,u--------,AuxK
2204,εὔξασθαι,εὔχομαι,v--anm---,OBJ
2205,δ’,δέ,c--------,AuxY
2206,οὐκ,οὐ,d--------,AuxZ
2207,εἶχον,ἔχω,v3piia---,PRED
2208,οἱ,ὁ,l-p---mn-,ATR
2209,λοιποὶ,λοιπός,a-p---mn-,SBJ
2210,πότερα,πότερος,p-p---na-,AuxY
2211,ὅπως,ὅπως,c--------,AuxC
2212,σωθῶσιν,σῴζω,v3pasp---,ADV_CO
2213,ἢ,ἤ,c--------,COORD
2214,ὅπως,ὅπως,c--------,AuxC
2215,ἀποθάνωσι,ἀποθνῄσκω,v3pasa---,ADV_CO
2216,.,.,u--------,AuxK
2217,ποῖοι,ποῖος,p-p---mn-,ATR
2218,ταῦτα,οὗτος,p-p---na-,OBJ
2219,κήρυκες,κῆρυξ,n-p---mn-,SBJ
2220,",",",",u--------,AuxX
2221,ἢ,ἤ,c--------,AuxY
2222,τίνες,τίς,p-p---cn-,ATR
2223,ποιηταὶ,ποιητής,n-p---mn-,SBJ
2224,καταθρηνήσουσιν,καταθρηνέω,v3pfia---,PRED
2225,ἀξίᾳ,ἄξιος,a-s---fd-,ATR
2226,τῇ,ὁ,l-s---fd-,ATR
2227,φωνῇ,φωνή,n-s---fd-,ADV
2228,;,;,u--------,AuxK
2229,E,E,z--------,UNLINKED
2230,τίς,τίς,p-s---cn-,SBJ
2231,ἀρκῶν,ἀρκέω,v-sppamn-,ADV
2232,διηγήσασθαι,διηγέομαι,v--anm---,OBJ
2233,;,;,u--------,AuxK
2234,E,E,z--------,PRED
2235,ποῖον,ποῖος,p-s---nn-,ATR
2236,γὰρ,γάρ,g--------,AuxY
2237,πάθος,πάθος,n-s---nn-,SBJ
2238,ὀξύτερον,ὀξύς,a-s---nnc,PNOM
2239,",",",",u--------,AuxX
2240,εἰ,εἰ,c--------,AuxC
2241,δὲ,δέ,c--------,COORD
2242,βούλει,βούλομαι,v2spim---,ADV
2243,",",",",u--------,AuxX
2244,μακρότερον,μακρός,a-s---nnc,PNOM
2245,",",",",u--------,AuxX
2246,ποίαν,ποῖος,p-s---fa-,ATR
2247,πόλιν,πόλις,n-s---fa-,OBJ
2248,Ἑλληνίδα,Ἑλληνίς,a-s---fa-,ATR_CO
2249,ἢ,ἤ,c--------,COORD
2250,βάρβαρον,βάρβαρος,a-s---fa-,ATR_CO
2251,ἐν,ἐν,r--------,AuxP
2252,τῷ,ὁ,l-s---md-,ATR
2253,παντὶ,πᾶς,p-s---md-,ATR
2254,χρόνῳ,χρόνος,n-s---md-,ADV
2255,κατέλαβε,καταλαμβάνω,v3saia---,PRED_CO
2256,τοιοῦτον,τοιοῦτος,p-s---na-,OBJ
2257,;,;,u--------,AuxK
2258,E,E,z--------,PRED_CO
2259,ὅτε,ὅτε,c--------,AuxC
2260,ἀνατραπεῖσα,ἀνατρέπω,v-sappfn-,ADV
2261,μὲν,μέν,g--------,AuxY
2262,ἡ,ὁ,l-s---fn-,ATR
2263,πόλις,πόλις,n-s---fn-,SBJ
2264,ἔκειτο,κεῖμαι,v3siim---,ADV
2265,θᾶττον,ταχύς,a-s---nac,ADV
2266,ἢ,ἤ,c--------,AuxC
2267,ναῦς,ναῦς,n-s---fn-,SBJ
2268,καταδῦσα,καταδύω,v-sapafn-,ADV
2269,πώποτε,πώποτε,d--------,ADV
2270,",",",",u--------,AuxX
2271,ἡμέραι,ἡμέρα,n-p---fn-,SBJ_CO
2272,δὲ,δέ,c--------,AuxY
2273,καὶ,καί,c--------,COORD
2274,νύκτες,νύξ,n-p---fn-,SBJ_CO
2275,ἐπιλαμβάνουσαι,ἐπιλαμβάνω,v-pppafn-,ADV
2276,τοὺς,ὁ,l-p---ma-,ATR
2277,μὲν,μέν,g--------,AuxY
2278,ὅσον,ὅσος,p-s---na-,OBJ
2279,ἐμπνεῖν,ἐμπνέω,v--pna---,OBJ
2280,ζῶντας,ζάω,v-pppama-,ATR
2281,ἀνέφαινον,ἀναφαίνω,v3piia---,PRED
2282,τραυματίας,τραυματίας,n-p---ma-,OBJ
2283,τῶν,ὁ,l-p---mg-,ATR
2284,λοιπῶν,λοιπός,a-p---mg-,ATR
2285,τοῖς,ὁ,l-p---md-,ATR
2286,πλείστοις,πολύς,a-p---mds,OBJ
2287,",",",",u--------,AuxX
2288,τοὺς,ὁ,l-p---ma-,ATR
2289,δὲ,δέ,c--------,AuxY
2290,τελευτήσαντας,τελευτάω,v-papama-,OBJ
2291,σεσηπότας,σήπω,v-prpama-,ATR_CO
2292,",",",",u--------,AuxX
2293,οὐ,οὐ,d--------,AuxZ
2294,-δ’,δέ,c--------,COORD
2295,ὁτιοῦν,ὁστισοῦν,p-s---na-,OBJ
2296,ἔχοντας,ἔχω,v-pppama-,ATR_CO
2297,ἀκριβὲς,ἀκριβής,a-s---na-,OBJ
2298,τῶν,ὁ,l-p---ng-,ATR
2299,μελῶν,μέλος,n-p---ng-,ATR
2300,",",",",u--------,AuxX
2301,ἀλλ’,ἀλλά,c--------,AuxY
2302,ὡς,ὡς,c--------,AuxC
2303,ἑκάστου,ἕκαστος,p-s---ng-,ATR
2304,τι,τις,p-s---na-,OBJ
2305,ἀφεῖλεν,ἀφαιρέω,v3saia---,ADV_CO
2306,ἢ,ἤ,c--------,COORD
2307,προσέθηκε,προστίθημι,v3saia---,ADV_CO
2308,τὸ,ὁ,l-s---na-,ATR
2309,πτῶμα,πτῶμα,n-s---na-,OBJ
2310,.,.,u--------,AuxK
2311,E,E,z--------,ADV
2312,πυραὶ,πυρή,n-p---fn-,SBJ
2313,δ’,δέ,c--------,AuxY
2314,ἀήθεις,ἀήθης,a-p---fn-,ATR
2315,ἐκάοντο,καίω,v3piim---,PRED
2316,ὁμοίως,ὅμοιος,d--------,ADV
2317,νύκτα,νύξ,n-s---fa-,ADV_CO
2318,καὶ,καί,c--------,COORD
2319,ἡμέραν,ἡμέρα,n-s---fa-,ADV_CO
2320,",",",",u--------,AuxX
2321,ταῖς,ὁ,l-p---fd-,ATR
2322,πρόσθεν,πρόσθεν,d--------,ATR
2323,ἱερομηνίαις,ἱερομηνία,n-p---fd-,ADV
2324,ἀντίστροφοι,ἀντίστροφος,a-p---fn-,ATR
2325,·,·,u--------,AuxK
2326,ἀντὶ,ἀντί,r--------,AuxP
2327,δὲ,δέ,c--------,AuxY
2328,χρυσείων,χρύσεος,a-p---ng-,ATR_CO
2329,καὶ,καί,c--------,COORD
2330,ἀργυρείων,ἀργύρειος,a-p---ng-,ATR_CO
2331,μετάλλων,μέταλλον,n-p---ng-,ADV
2332,διωρυχῆς,διωρυχή,n-s---fg-,ATR
2333,το-,ὁ,l-s---na-,ATR
2334,τοὔδαφος,ἔδαφος,n-s---na-,OBJ
2335,τῆς,ὁ,l-s---fg-,ATR
2336,πόλεως,πόλις,n-s---fg-,ATR
2337,παρεῖχε,παρέχω,v3siia---,PRED
2338,καὶ,καί,c--------,AuxY
2339,εἰς,εἰς,r--------,AuxP
2340,μῆνας,μείς,n-p---ma-,ADV
2341,ἐκκαθαίρειν,ἐκκαθαίρω,v--pna---,OBJ
2342,τοὺς,ὁ,l-p---ma-,ATR
2343,κειμένους,κεῖμαι,v-pppmma-,OBJ
2344,.,.,u--------,AuxK
2345,καὶ,καί,c--------,AuxY
2346,πρότερον,πρότερος,d-------c,ADV
2347,μὲν,μέν,g--------,AuxY
2348,",",",",u--------,AuxX
2349,ὦ,ὦ,i--------,AuxZ
2350,Ζεῦ,Ζεύς,n-s---mv-,ExD
2351,",",",",u--------,AuxX
2352,τὰς,ὁ,l-p---fa-,ATR
2353,φονικὰς,φονικός,a-p---fa-,ATR
2354,δίκας,δίκη,n-p---fa-,OBJ
2355,ἔξω,ἔξω,d--------,AuxP
2356,πυλῶν,πύλη,n-p---fg-,ADV
2357,ἐδικάζετε,δικάζω,v2piia---,PRED_CO
2358,",",",",u--------,AuxX
2359,ὡς,ὡς,c--------,AuxC
2360,οὐ,οὐ,d--------,AuxZ
2361,-δὲ,δέ,c--------,MWE
2362,καταψηφίσασθαι,καταψηφίζομαι,v--anm---,ADV
2363,θάνατον,θάνατος,n-s---ma-,OBJ
2364,ἐντὸς,ἐντός,r--------,AuxP
2365,τείχους,τεῖχος,n-s---ng-,ADV
2366,εὐσεβῶς,εὐσεβής,d--------,ADV
2367,ἔχον,ἔχω,v-sppana-,ADV
2368,ὑμῖν,σύ,p-p---cd-,OBJ
2369,",",",",u--------,AuxX
2370,νυνὶ,νυνί,d--------,ADV
2371,δὲ,δέ,c--------,AuxY
2372,ἐπὶ,ἐπί,r--------,AuxP
2373,μιᾶς,εἷς,m-s---fg-,ATR
2374,ἡμέρας,ἡμέρα,n-s---fg-,ADV
2375,τοσούτων,τοσοῦτος,p-p---mg-,ATR
2376,ὄλεθρον,ὄλεθρος,n-s---ma-,OBJ
2377,ὁ,ὁ,l-s---mn-,ATR
2378,δαίμων,δαίμων,n-s---mn-,SBJ
2379,κατέγνω,καταγιγνώσκω,v3saia---,PRED_CO
2380,ἅμα,ἅμα,d--------,ADV
2381,τ’,τε,c--------,AuxY
2382,εἴσω,εἴσω,d--------,AuxP
2383,πόλεως,πόλις,n-s---fg-,ADV_CO
2384,καὶ,καί,c--------,COORD
2385,σὺν,σύν,r--------,AuxP
2386,αὐτῇ,αὐτός,p-s---fd-,ADV_CO
2387,",",",",u--------,AuxX
2388,καὶ,καί,c--------,AuxY
2389,τούτους,οὗτος,p-p---ma-,OBJ
2390,ἐν,ἐν,r--------,AuxP
2391,αὐτῇ,αὐτός,p-s---fd-,ADV
2392,κάειν,καίω,v--pna---,OBJ
2393,ἠναγκάζεσθε,ἀναγκάζω,v2piim---,PRED_CO
2394,οἱ,ὁ,l-p---mn-,ATR
2395,λοιποὶ,λοιπός,a-p---mn-,SBJ
2396,",",",",u--------,AuxX
2397,καὶ,καί,c--------,COORD
2398,τὴν,ὁ,l-s---fa-,ATR
2399,ἄβατον,ἄβατος,a-s---fa-,ATR
2400,τοῖς,ὁ,l-p---md-,ATR
2401,ἀνδροφόνοις,ἀνδροφόνος,a-p---md-,ADV
2402,πόλιν,πόλις,n-s---fa-,OBJ
2403,ταφὴν,ταφή,n-s---fa-,OBJ
2404,τῶν,ὁ,l-p---mg-,ATR
2405,ἀπολλυμένων,ἀπόλλυμι,v-pppmmg-,ATR
2406,ἑκάστῳ,ἕκαστος,p-s---md-,OBJ
2407,κατέστησε,καθίστημι,v3saia---,PRED_CO
2408,.,.,u--------,AuxK
2409,καὶ,καί,c--------,AuxY
2410,τὰ,ὁ,l-p---nn-,ATR
2411,μὲν,μέν,g--------,AuxY
2412,πρόσθεν,πρόσθεν,d--------,ADV
2413,λεγόμενα,λέγω,v-pppmnn-,SBJ
2414,ταῦτα,οὗτος,p-p---nn-,SBJ
2415,μυθολογήματα,μυθολόγημα,n-p---nn-,PNOM
2416,ἦν,εἰμί,v3siia---,PRED
2417,",",",",u--------,AuxX
2418,ὅτι,ὅτι,c--------,AuxC
2419,τήνδε,ὅδε,p-s---fa-,ATR
2420,τὴν,ὁ,l-s---fa-,ATR
2421,νῆσον,νῆσος,n-s---fa-,SBJ
2422,οὖσαν,εἰμί,v-sppafa-,ADV_CO
2423,ὑπὸ,ὑπό,r--------,AuxP
2424,τῇ,ὁ,l-s---fd-,ATR
2425,θαλάττῃ,θάλασσα,n-s---fd-,ADV
2426,καὶ,καί,c--------,COORD
2427,κεκρυμμένην,κρύπτω,v-srpmfa-,ADV_CO
2428,Ἡλίῳ,Ἥλιος,n-s---md-,OBJ
2429,δῶρον,δῶρον,n-s---na-,OBJ
2430,ἀνεῖσαν,ἀνέζομαι,v3paia---,APOS_CO
2431,θεοὶ,θεός,n-p---mn-,SBJ
2432,",",",",u--------,AuxX
2433,τὰ,ὁ,l-p---na-,OBJ
2434,δὲ,δέ,c--------,COORD
2435,νῦν,νῦν,d--------,ADV
2436,εἰς,εἰς,r--------,AuxP
2437,το-,ὁ,l-s---na-,ATR
2438,τοὐναντίον,ἐναντίος,a-s---na-,ADV
2439,περιέστηκε,περιίστημι,v3sria---,APOS_CO
2440,διηγεῖσθαι,διηγέομαι,v--pnm---,OBJ
2441,",",",",u--------,AuxX
2442,ὅτι,ὅτι,c--------,AuxC
2443,ἥδε,ὅδε,p-s---fn-,ATR
2444,ἡ,ὁ,l-s---fn-,ATR
2445,πόλις,πόλις,n-s---fn-,SBJ
2446,κατὰ,κατά,r--------,AuxP
2447,γῆς,γῆ,n-s---fg-,ADV
2448,ἔδυ,δύω,v3saia---,ADV_CO
2449,καὶ,καί,c--------,AuxY
2450,ἀπῆλθεν,ἀπέρχομαι,v3saia---,ADV_CO
2451,ἐξ,ἐκ,r--------,AuxP
2452,ἀνθρώπων,ἄνθρωπος,n-p---mg-,OBJ
2453,",",",",u--------,AuxX
2454,ὄντος,εἰμί,v-sppamg-,ADV
2455,ὑπὲρ,ὑπέρ,r--------,AuxP
2456,γῆς,γῆ,n-s---fg-,PNOM
2457,ἡλίου,ἥλιος,n-s---mg-,ATR
2458,",",",",u--------,AuxX
2459,καὶ,καί,c--------,COORD
2460,ἐπεῖδεν,ἐφοράω,v3saia---,ADV_CO
2461,ἥλιος,ἥλιος,n-s---mn-,SBJ
2462,ἐν,ἐν,r--------,AuxP
2463,Ῥόδῳ,Ῥόδος,n-s---fd-,ADV
2464,τὰ,ὁ,l-p---na-,ATR
2465,ἀθέατα,ἀθέατος,a-p---na-,ATR
2466,θεάματα,θέαμα,n-p---na-,OBJ
2467,ἑαυτῷ,ἑαυτοῦ,p-s---md-,OBJ
2468,.,.,u--------,AuxK
2469,καὶ,καί,c--------,AuxY
2470,Ὅμηρος,Ὅμηρος,n-s---mn-,SBJ
2471,μὲν,μέν,g--------,AuxY
2472,πλοῦτον,πλοῦτος,n-s---ma-,OBJ
2473,ἔφη,φημί,v3siia---,PRED
2474,καταχέαι,καταχέω,v--ana---,OBJ
2475,τὸν,ὁ,l-s---ma-,ATR
2476,Δία,Ζεύς,n-s---ma-,SBJ
2477,τῇ,ὁ,l-s---fd-,ATR
2478,νήσῳ,νῆσος,n-s---fd-,OBJ_CO
2479,καὶ,καί,c--------,COORD
2480,τοῖς,ὁ,l-p---md-,ATR
2481,περὶ,περί,r--------,AuxP
2482,Τληπόλεμον,Τληπόλεμος,n-s---ma-,ATR
2483,προγόνοις,πρόγονος,n-p---md-,OBJ_CO
2484,ὑμῶν,σύ,p-p---cg-,ATR
2485,",",",",u--------,AuxX
2486,καὶ,καί,c--------,AuxY
2487,Πίνδαρος,Πίνδαρος,n-s---mn-,SBJ
2488,παραλαβὼν,παραλαμβάνω,v-sapamn-,ADV
2489,ὗσαι,ὕω,v--ana---,CO
2490,χρυσὸν,χρυσός,n-s---ma-,OBJ
2491,νεφέλην,νεφέλη,n-s---fa-,OBJ
2492,ξανθὴν,ξανθός,a-s---fa-,ATR
2493,ἐπιστήσαντα,ἐφίστημι,v-sapama-,ADV
2494,.,.,u--------,AuxK
2495,νῦν,νῦν,d--------,ADV
2496,δὲ,δέ,c--------,AuxY
2497,οἷα,οἷος,p-p---na-,ATR
2498,κατέχεε,καταχέω,v3siia---,PRED
2499,δῶρα,δῶρον,n-p---na-,OBJ
2500,ὁ,ὁ,l-s---mn-,ATR
2501,δαίμων,δαίμων,n-s---mn-,SBJ
2502,",",",",u--------,AuxX
2503,οἷον,οἷος,p-s---na-,AuxC
2504,νέφος,νέφος,n-s---na-,OBJ
2505,ἔστησεν,ἵστημι,v3saia---,ATR
2506,ὑπὲρ,ὑπέρ,r--------,AuxP
2507,τῆς,ὁ,l-s---fg-,ATR
2508,πόλεως,πόλις,n-s---fg-,ADV
2509,",",",",u--------,AuxX
2510,ὡς,ὡς,c--------,AuxC
2511,ἀνάξια,ἀνάξιος,a-p---na-,PNOM_CO
2512,μὲν,μέν,g--------,AuxY
2513,ἐκείνων,ἐκεῖνος,p-p---mg-,ATR
2514,τῶν,ὁ,l-p---mg-,ATR
2515,πρότερον,πρότερος,d-------c,ATR
2516,",",",",u--------,AuxX
2517,ἀνάξια,ἀνάξιος,a-p---na-,PNOM_CO
2518,δὲ,δέ,c--------,COORD
2519,ὑμῶν,σύ,p-p---cg-,ATR_CO
2520,καὶ,καί,c--------,COORD
2521,τοῦ,ὁ,l-s---ng-,ATR
2522,τῆς,ὁ,l-s---fg-,ATR
2523,πόλεως,πόλις,n-s---fg-,ATR
2524,σχήματος,σχῆμα,n-s---ng-,ATR_CO
2525,.,.,u--------,AuxK
2526,E,E,z--------,ADV
2527,καὶ,καί,c--------,AuxY
2528,νῦν,νῦν,d--------,ADV
2529,Κάρπαθον,Κάρπαθος,n-s---fa-,OBJ_CO
2530,μὲν,μέν,g--------,AuxY
2531,καὶ,καί,c--------,AuxY
2532,Κάσον,Κάσος,n-s---fa-,OBJ_CO
2533,καὶ,καί,c--------,COORD
2534,ἄλλας,ἄλλος,p-p---fa-,ATR
2535,νήσους,νῆσος,n-p---fa-,OBJ_CO
2536,οἰκουμένας,οἰκέω,v-pppmfa-,ADV
2537,ἔστιν,εἰμί,v3spia---,PRED
2538,ἰδεῖν,ὁράω,v--ana---,SBJ
2539,",",",",u--------,AuxX
2540,οὐδὲν,οὐδείς,p-s---na-,OBJ
2541,ἐχούσας,ἔχω,v-pppafa-,ADV
2542,ὅ,ὅς,p-s---na-,OBJ
2543,τι,τις,p-s---na-,ATR
2544,εἴπωσι,λέγω,v3pasa---,OBJ
2545,καὶ,καί,c--------,AuxY
2546,παρ’,παρά,r--------,AuxP
2547,ὧν,ὅς,p-p---fg-,ADV
2548,φόρον,φόρος,n-s---ma-,OBJ_CO
2549,ἐκλέγειν,ἐκλέγω,v--pna---,SBJ
2550,ὑμῖν,σύ,p-p---cd-,OBJ
2551,πρὸ,πρό,r--------,AuxP
2552,τοῦ,ὁ,l-s---ng-,ADV
2553,μικρὸν,μικρός,a-s---na-,ADV
2554,ἦν,εἰμί,v3siia---,CO
2555,",",",",u--------,AuxX
2556,καὶ,καί,c--------,COORD
2557,ἄλλα,ἄλλος,p-p---na-,ATR
2558,πολίσματα,πόλισμα,n-p---na-,OBJ_CO
2559,ὑπόψαμμα,ὑπόψαμμος,a-p---na-,ATR
2560,λυπρὰ,λυπρός,a-p---na-,ATR_CO
2561,καὶ,καί,c--------,COORD
2562,ἀμφισβητήσιμα,ἀμφισβητήσιμος,a-p---na-,ATR_CO
2563,.,.,u--------,AuxK
2564,Ῥόδος,Ῥόδος,n-s---fn-,SBJ
2565,δὲ,δέ,c--------,AuxY
2566,",",",",u--------,AuxX
2567,ὦ,ὦ,i--------,AuxZ
2568,Ζεῦ,Ζεύς,n-s---mv-,ExD
2569,",",",",u--------,AuxX
2570,καὶ,καί,c--------,AuxY
2571,πάντ’,πᾶς,p-p---na-,OBJ
2572,ἐφορῶν,ἐφοράω,v-sppamn-,ADV
2573,ἥλιε,ἥλιος,n-s---mv-,ExD
2574,πλὴν,πλήν,r--------,AuxP
2575,Ῥόδου,Ῥόδος,n-s---fg-,ATR
2576,",",",",u--------,AuxX
2577,νῦν,νῦν,d--------,ADV
2578,οὐδαμοῦ,οὐδαμοῦ,d--------,ADV
2579,",",",",u--------,AuxX
2580,ἀλλ’,ἀλλά,c--------,AuxY
2581,ὥσπερ,ὥσπερ,c--------,AuxC
2582,οἱ,ὁ,l-p---mn-,ATR
2583,τοὺς,ὁ,l-p---ma-,ATR
2584,μύθους,μῦθος,n-p---ma-,OBJ
2585,λέγοντες,λέγω,v-pppamn-,SBJ
2586,διηγεῖσθαι,διηγέομαι,v--pnm---,SBJ_CO
2587,δεῖ,δέω,v3spia---,PRED_CO
2588,τοῖς,ὁ,l-p---md-,ATR
2589,ἐπιγιγνομένοις,ἐπιγίγνομαι,v-pppmmd-,OBJ
2590,τοὺς,ὁ,l-p---ma-,ATR
2591,παρ’,παρά,r--------,AuxP
2592,ἡμῶν,ἐγώ,p-p---cg-,ADV
2593,παραλαμβάνοντας,παραλαμβάνω,v-pppama-,OBJ
2594,",",",",u--------,AuxX
2595,ὡς,ὡς,c--------,AuxC
2596,ποτὲ,ποτέ,d--------,ADV
2597,ἦν,εἰμί,v3siia---,ADV
2598,καὶ,καί,c--------,AuxZ
2599,Ῥόδος,Ῥόδος,n-s---fn-,SBJ
2600,ἀντιπέρας,ἀντιπέρας,d--------,ADV
2601,Καρίας,Καρία,n-s---fg-,ATR
2602,πόλις,πόλις,n-s---fn-,APOS
2603,ὥρᾳ,ὥρα,n-s---fd-,ADV_CO
2604,καὶ,καί,c--------,COORD
2605,μεγέθει,μέγεθος,n-s---nd-,ADV_CO
2606,περιφανὴς,περιφανής,a-s---fn-,ATR
2607,",",",",u--------,AuxX
2608,καὶ,καί,c--------,COORD
2609,τὸν,ὁ,l-s---ma-,ATR
2610,τόπον,τόπος,n-s---ma-,OBJ
2611,δεικνύειν,δείκνυμι,v--pna---,SBJ_CO
2612,ὡς,ὡς,c--------,AuxP
2613,τὸν,ὁ,l-s---ma-,ATR
2614,Ἰαλύσου,Ἰάλυσος,n-s---mg-,ATR_CO
2615,καὶ,καί,c--------,COORD
2616,Καμείρου,Κάμειρος,n-s---fg-,ATR_CO
2617,νῦν,νῦν,d--------,ADV
2618,.,.,u--------,AuxK
2619,E,E,z--------,PRED_CO
2620,καὶ,καί,c--------,AuxY
2621,τὸν,ὁ,l-s---ma-,ATR
2622,μὲν,μέν,g--------,AuxY
2623,τῶν,ὁ,l-p---mg-,ATR
2624,Ἁλίων,Ἅλιος,n-p---mg-,ATR
2625,ἀγῶνα,ἀγών,n-s---ma-,OBJ
2626,ποιήσετε,ποιέω,v2pfia---,PRED_CO
2627,",",",",u--------,AuxX
2628,καὶ,καί,c--------,COORD
2629,τὸ,ὁ,l-s---nn-,ATR
2630,χωρίον,χωρίον,n-s---nn-,SBJ
2631,μεμένηκε,μένω,v3sria---,PRED_CO
2632,σῶν,σός,a-p---mg-,ATR
2633,οὗ,οὗ,d--------,ADV
2634,ποιήσετε,ποιέω,v2pfia---,ATR
2635,·,·,u--------,AuxK
2636,ἡ,ὁ,l-s---fn-,ATR
2637,δὲ,δέ,c--------,AuxY
2638,ἐπώνυμος,ἐπώνυμος,a-s---fn-,SBJ
2639,αὕτη,οὗτος,p-s---fn-,ATR
2640,τῆς,ὁ,l-s---fg-,ATR
2641,Νύμφης,Νύμφη,n-s---fg-,ATR
2642,τοῦ,ὁ,l-s---mg-,ATR
2643,θεοῦ,θεός,n-s---mg-,ATR
2644,σχῆμα,σχῆμα,n-s---na-,OBJ
2645,ἀκτῆς,ἀκτή,n-s---fg-,ATR
2646,μετείληφε,μεταλαμβάνω,v3sria---,PRED
2647,.,.,u--------,AuxK
2648,καὶ,καί,c--------,AuxY
2649,πάλαι,πάλαι,d--------,ADV
2650,μὲν,μέν,g--------,AuxY
2651,τὰ,ὁ,l-p---na-,ATR
2652,ἐκ,ἐκ,r--------,AuxP
2653,τῶν,ὁ,l-p---fg-,ATR
2654,γυναικῶν,γυνή,n-p---fg-,ATR
2655,τῶν,ὁ,l-p---fg-,ATR
2656,ἀποκειραμένων,ἀποκείρω,v-papmfg-,ATR
2657,μηχανήματα,μηχάνημα,n-p---na-,OBJ
2658,ἐδείκνυτε,δείκνυμι,v2piia---,PRED_CO
2659,τοῖς,ὁ,l-p---md-,ATR
2660,ἐπιδημοῦσι,ἐπιδημέω,v-pppamd-,OBJ
2661,καὶ,καί,c--------,COORD
2662,θαυμαστὸν,θαυμαστός,a-s---nn-,PNOM
2663,ἦν,εἰμί,v3siia---,PRED_CO
2664,",",",",u--------,AuxX
2665,νῦν,νῦν,d--------,ADV
2666,δὲ,δέ,c--------,COORD
2667,αὐτὴν,αὐτός,p-s---fa-,ATR
2668,τὴν,ὁ,l-s---fa-,ATR
2669,πόλιν,πόλις,n-s---fa-,SBJ
2670,ἐν,ἐν,r--------,AuxP
2671,τοιαύτῃ,τοιοῦτος,p-s---fd-,ATR
2672,θέᾳ,θέα,n-s---fd-,ADV
2673,λείπεται,λείπω,v3spim---,PRED_CO
2674,παριστᾶν,παρίστημι,v--pna---,SBJ_CO
2675,καὶ,καί,c--------,COORD
2676,δεικνύναι,δείκνυμι,v--pna---,SBJ_CO
2677,τοῖς,ὁ,l-p---md-,ATR
2678,εἰσαφικνουμένοις,εἰσαφικνέομαι,v-pppmmd-,OBJ
2679,θέατρον,θέατρον,n-s---na-,OBJ_CO
2680,καὶ,καί,c--------,COORD
2681,βουλευτήριον,βουλευτήριον,n-s---na-,OBJ_CO
2682,",",",",u--------,AuxX
2683,καὶ,καί,c--------,AuxY
2684,πίνακας,πίναξ,n-p---ma-,OBJ_CO
2685,ἡμιρραγεῖς,ἡμιρραγής,a-p---ma-,ATR
2686,καὶ,καί,c--------,COORD
2687,σκοπέλους,σκόπελος,n-p---ma-,OBJ_CO
2688,ἀντὶ,ἀντί,r--------,AuxP
2689,πύργων,πύργος,n-p---mg-,ADV
2690,δεικνύντας,δείκνυμι,v-pppama-,ADV
2691,",",",",u--------,AuxX
2692,οἰκτρὰ,οἰκτρός,a-p---na-,ATR
2693,τῆς,ὁ,l-s---fg-,ATR
2694,ὀνομαστῆς,ὀνομαστός,a-s---fg-,ATR
2695,ποτε,ποτέ,d--------,ADV
2696,Ῥόδου,Ῥόδος,n-s---fg-,ATR
2697,τὰ,ὁ,l-p---na-,ATR
2698,λείψανα,λείψανον,n-p---na-,OBJ
2699,.,.,u--------,AuxK
2700,μεγέθους,μέγεθος,n-s---ng-,SBJ
2701,δὲ,δέ,c--------,AuxY
2702,ἑτέρων,ἕτερος,p-p---fg-,ATR
2703,πόλεων,πόλις,n-p---fg-,SBJ
2704,εἰς,εἰς,r--------,AuxP
2705,τὸ,ὁ,l-s---na-,ATR
2706,μέσον,μέσος,a-s---na-,OBJ
2707,λεγομένου,λέγω,v-sppmng-,ADV
2708,οὔ,οὐ,d--------,AuxZ
2709,-τε,τε,c--------,AuxY
2710,ἀντιλαβέσθαι,ἀντιλαμβάνω,v--anm---,SBJ_CO
2711,ἐξέσται,ἔξεστι,v3sfim---,PRED
2712,οὔ,οὐ,d--------,AuxZ
2713,-τε,τε,c--------,COORD
2714,μὴ,μή,d--------,AuxZ
2715,ῥήγνυσθαι,ῥήγνυμι,v--pnm---,SBJ_CO
2716,σιωπῶντα,σιωπάω,v-sppama-,ADV
2717,.,.,u--------,AuxK
2718,ἁπλῶς,ἁπλῶς,d--------,ADV
2719,δ’,δέ,c--------,AuxY
2720,εἴσεσθε,οἶδα,v2pfim---,PRED
2721,μὲν,μέν,g--------,AuxY
2722,οἵας,οἷος,p-s---fg-,ATR
2723,πόλεως,πόλις,n-s---fg-,OBJ
2724,στέρεσθε,στέρομαι,v2ppim---,OBJ
2725,",",",",u--------,AuxX
2726,ὁποίας,ὁποῖος,p-p---fa-,OBJ
2727,δ’,δέ,c--------,AuxY
2728,οὐχ,οὐ,d--------,AuxZ
2729,ἕξετε,ἔχω,v2pfia---,CO
2730,δεικνύναι,δείκνυμι,v--pna---,OBJ
2731,",",",",u--------,AuxX
2732,καὶ,καί,c--------,AuxY
2733,ἐπὶ,ἐπί,r--------,AuxP
2734,μέν,μέν,g--------,AuxY
2735,γε,γε,g--------,AuxZ
2736,τοῦ,ὁ,l-s---mg-,ATR
2737,νῦν,νῦν,d--------,ADV
2738,παρόντος,πάρειμι,v-sppamg-,ATR
2739,χρόνου,χρόνος,n-s---mg-,ADV
2740,τοὺς,ὁ,l-p---ma-,ATR
2741,εἰδότας,οἶδα,v-prpama-,SBJ
2742,πρότερον,πρότερος,d-------c,ADV
2743,τῶν,ὁ,l-p---mg-,ATR
2744,Ἑλλήνων,Ἕλλην,n-p---mg-,ADV
2745,ἐπιμαρτύρασθαι,ἐπιμαρτύρομαι,v--anm---,OBJ
2746,",",",",u--------,AuxX
2747,ἐπειδὰν,ἐπειδάν,c--------,AuxC
2748,δὲ,δέ,c--------,AuxY
2749,καὶ,καί,c--------,AuxZ
2750,τούτους,οὗτος,p-p---ma-,OBJ
2751,ἡ,ὁ,l-s---fn-,ATR
2752,προσήκουσα,προσήκω,v-sppafn-,ATR
2753,μοῖρα,μοῖρα,n-s---fn-,SBJ
2754,ἀπαγάγῃ,ἀπάγω,v3sasa---,ADV
2755,",",",",u--------,AuxX
2756,τί,τίς,p-s---na-,OBJ
2757,δὴ,δή,g--------,AuxY
2758,λοιπὸν,λοιπός,a-s---na-,ADV
2759,πλὴν,πλήν,r--------,AuxP
2760,ἐρήμην,ἐρῆμος,a-s---fa-,ATR
2761,ὀφλεῖν,ὀφλισκάνω,v--pna---,OBJ
2762,ὅ,ὅς,p-s---na-,OBJ
2763,φασι,φημί,v3ppia---,OBJ
2764,",",",",u--------,AuxX
2765,γνωριζομένους,γνωρίζω,v-pppmma-,ADV
2766,",",",",u--------,AuxX
2767,ὦ,ὦ,i--------,AuxZ
2768,δαίμονες,δαίμων,n-p---mv-,ExD
2769,",",",",u--------,AuxX
2770,οὐκ,οὐ,d--------,AuxZ
2771,ἀπὸ,ἀπό,r--------,AuxP
2772,τῶν,ὁ,l-p---fg-,ATR
2773,ναυμαχιῶν,ναυμαχία,n-p---fg-,ADV_CO
2774,οὐ,οὐ,d--------,AuxZ
2775,-δ’,δέ,c--------,AuxY
2776,ἀπὸ,ἀπό,r--------,AuxP
2777,τῶν,ὁ,l-p---mg-,ATR
2778,λιμένων,λιμήν,n-p---mg-,ADV_CO
2779,τε,τε,c--------,AuxY
2780,καὶ,καί,c--------,COORD
2781,νεωρίων,νεώριον,n-p---ng-,ADV_CO
2782,οὐ,οὐ,d--------,AuxZ
2783,-δ’,δέ,c--------,AuxY
2784,ἀπὸ,ἀπό,r--------,AuxP
2785,τοῦ,ὁ,l-s---mg-,ATR
2786,κόσμου,κόσμος,n-s---mg-,ADV_CO
2787,τοῦ,ὁ,l-s---mg-,ATR
2788,κατὰ,κατά,r--------,AuxP
2789,τὴν,ὁ,l-s---fa-,ATR
2790,πόλιν,πόλις,n-s---fa-,ATR
2791,",",",",u--------,AuxX
2792,ἀλλ’,ἀλλά,c--------,AuxY
2793,ὅτι,ὅτι,c--------,AuxC
2794,μέγιστα,μέγας,a-p---nas,OBJ
2795,τῶν,ὁ,l-p---mg-,ATR
2796,Ἑλλήνων,Ἕλλην,n-p---mg-,ATR
2797,ἠτυχήσατε,ἀτυχέω,v2paia---,ADV_CO
2798,·,·,u--------,AuxK
2799,E,E,z--------,UNLINKED
2800,καὶ,καί,c--------,AuxY
2801,δεήσει,δέω,v3sfia---,PRED
2802,Ῥόδου,Ῥόδος,n-s---fg-,OBJ
2803,μεμνημένους,μιμνῄσκω,v-prpmma-,ADV
2804,μὴ,μή,d--------,AuxZ
2805,γαυριᾶν,γαυριάω,v--pna---,SBJ_CO
2806,",",",",u--------,AuxX
2807,ἀλλὰ,ἀλλά,c--------,COORD
2808,θρηνεῖν,θρηνέω,v--pna---,SBJ_CO
2809,.,.,u--------,AuxK
2810,μόνοις,μόνος,a-p---nd-,ADV
2811,δὲ,δέ,c--------,AuxY
2812,οἷς,ὅς,p-p---nd-,OBJ
2813,ὑμεῖς,σύ,p-p---cn-,SBJ
2814,πεπόνθατε,πάσχω,v2pria---,ATR
2815,νῦν,νῦν,d--------,ADV
2816,καὶ,καί,c--------,AuxY
2817,οἱ,ὁ,l-p---mn-,ATR
2818,πρὸ,πρό,r--------,AuxP
2819,ἑξακοσίων,ἑξακόσιοι,m-p---ng-,ATR
2820,ἐτῶν,ἔτος,n-p---ng-,ATR
2821,ἄνδρες,ἀνήρ,n-p---mn-,SBJ
2822,ἔνδοξοι,ἔνδοξος,a-p---mn-,ATR
2823,συνηδίκηνται,συναδικέω,v3prim---,PRED_CO
2824,καὶ,καί,c--------,COORD
2825,οἵ,ὁ,l-p---mn-,SBJ
2826,γε,γε,g--------,AuxZ
2827,μηδὲν,μηδείς,p-s---na-,OBJ
2828,τῇ,ὁ,l-s---fd-,ATR
2829,πόλει,πόλις,n-s---fd-,OBJ
2830,προσήκοντες,προσήκω,v-pppamn-,ADV
2831,κοσμοῦντες,κοσμέω,v-pppamn-,ADV
2832,τὴν,ὁ,l-s---fa-,ATR
2833,πόλιν,πόλις,n-s---fa-,OBJ
2834,τοῖς,ὁ,l-p---nd-,ATR
2835,ἑαυτῶν,ἑαυτοῦ,p-p---mg-,ATR
2836,ἔργοις,ἔργον,n-p---nd-,OBJ
2837,ἀντεκοσμοῦντο,ἀντικοσμέω,v3piim---,PRED_CO
2838,τῇ,ὁ,l-s---fd-,ATR
2839,μνήμῃ,μνήμη,n-s---fd-,ADV
2840,.,.,u--------,AuxK
2841,ταῦτα,οὗτος,p-p---na-,OBJ
2842,τοίνυν,τοίνυν,g--------,AuxY
2843,τὰ,ὁ,l-p---na-,ATR
2844,οὕτως,οὕτως,d--------,ADV
2845,δεινὰ,δεινός,a-p---na-,OBJ_CO
2846,καὶ,καί,c--------,COORD
2847,παραμυθίαν,παραμυθία,n-s---fa-,OBJ_CO
2848,οὐκ,οὐ,d--------,AuxZ
2849,ἔχοντα,ἔχω,v-pppana-,ADV
2850,",",",",u--------,AuxX
2851,ὡς,ὡς,c--------,AuxC
2852,ἂν,ἄν,g--------,AuxY
2853,δόξαι,δοκέω,v3saoa---,ADV
2854,τις,τις,p-s---cn-,SBJ
2855,",",",",u--------,AuxX
2856,ἐνεγκεῖν,φέρω,v--ana---,SBJ
2857,δεῖ,δέω,v3spia---,PRED
2858,",",",",u--------,AuxX
2859,μάλιστα,μάλα,d-------s,ADV
2860,μὲν,μέν,g--------,AuxY
2861,δὴ,δή,g--------,AuxY
2862,καὶ,καί,c--------,AuxZ
2863,πρῶτον,πρῶτος,a-s---na-,ADV
2864,κατ’,κατά,r--------,AuxP
2865,αὐτὴν,αὐτός,p-s---fa-,ATR
2866,τὴν,ὁ,l-s---fa-,ATR
2867,τῆς,ὁ,l-s---fg-,ATR
2868,ἀνάγκης,ἀνάγκη,n-s---fg-,ATR
2869,συμβουλὴν,συμβουλή,n-s---fa-,ADV_CO
2870,καὶ,καί,c--------,COORD
2871,τοσούτῳ,τοσοῦτος,p-s---nd-,ADV
2872,μᾶλλον,μάλα,d-------c,ADV_CO
2873,",",",",u--------,AuxX
2874,ὅσῳ,ὅσος,p-s---nd-,ADV
2875,δακρύων,δάκρυον,n-p---ng-,ATR
2876,χώραν,χώρα,n-s---fa-,OBJ
2877,παρελήλυθεν,παρέρχομαι,v3sria---,ATR
2878,·,·,u--------,AuxK
2879,ἃ,ὅς,p-p---na-,OBJ
2880,γὰρ,γάρ,g--------,AuxY
2881,οὐκ,οὐ,d--------,AuxZ
2882,ἔστι,εἰμί,v3spia---,SBJ
2883,κατ’,κατά,r--------,AuxP
2884,ἀξίαν,ἀξία,n-s---fa-,ADV
2885,ὀδύρασθαι,ὀδύρομαι,v--anm---,SBJ
2886,",",",",u--------,AuxX
2887,πῶς,πῶς,d--------,ADV
2888,οὐκ,οὐ,d--------,AuxZ
2889,ἀναγκαῖον,ἀναγκαῖος,a-s---nn-,PNOM
2890,ἀπαλγήσαντας,ἀπαλγέω,v-papama-,ADV
2891,ἐᾶν,ἐάω,v--pna---,SBJ_CO
2892,καὶ,καί,c--------,COORD
2893,τοῦτο,οὗτος,p-s---na-,OBJ
2894,δὴ,δή,g--------,AuxY
2895,τὸ,ὁ,l-s---na-,ATR
2896,λεγόμενον,λέγω,v-sppmna-,OBJ
2897,μύσαντας,μύω,v-papama-,ADV
2898,φέρειν,φέρω,v--pna---,SBJ_CO
2899,;,;,u--------,AuxK
2900,E,E,z--------,PRED
2901,ἔτι,ἔτι,d--------,ADV
2902,δὲ,δέ,c--------,AuxY
2903,τὰ,ὁ,l-p---nn-,ATR
2904,μὲν,μέν,g--------,AuxY
2905,φαῦλα,φαῦλος,a-p---nn-,SBJ
2906,τῶν,ὁ,l-p---ng-,ATR
2907,ἀτυχημάτων,ἀτύχημα,n-p---ng-,ATR
2908,οὐδὲν,οὐδείς,p-s---na-,ADV
2909,δεῖται,δέω,v3spim---,PRED_CO
2910,μεγάλης,μέγας,a-s---fg-,ATR
2911,τῆς,ὁ,l-s---fg-,ATR
2912,πρὸς,πρός,r--------,AuxP
2913,αὐτὰ,αὐτός,p-p---na-,ATR
2914,παρασκευῆς,παρασκευή,n-s---fg-,ATR
2915,",",",",u--------,AuxX
2916,τὰ,ὁ,l-p---na-,ATR
2917,δὲ,δέ,c--------,COORD
2918,μείζονα,μέγας,a-p---nac,OBJ
2919,ἀνάγκη,ἀνάγκη,n-s---fn-,PNOM
2920,μεγάλως,μέγας,d--------,ADV
2921,καὶ,καί,c--------,AuxY
2922,φέρειν,φέρω,v--pna---,SBJ
2923,",",",",u--------,AuxX
2924,οὐχ,οὐ,d--------,AuxZ
2925,ἁπλῶς,ἁπλῶς,d--------,ADV
2926,λέγω,λέγω,v1spia---,CO
2927,μεγάλως,μέγας,d--------,ADV_CO
2928,",",",",u--------,AuxX
2929,ἀλλὰ,ἀλλά,c--------,COORD
2930,φρονήματι,φρόνημα,n-s---nd-,ADV_CO
2931,.,.,u--------,AuxK
2932,E,E,z--------,PRED_CO
2933,ὥσπερ,ὥσπερ,c--------,AuxC
2934,γὰρ,γάρ,g--------,AuxY
2935,πρὸς,πρός,r--------,AuxP
2936,τοὺς,ὁ,l-p---ma-,ATR
2937,μείζους,μέγας,a-p---mac,ADV
2938,τῶν,ὁ,l-p---mg-,ATR
2939,πολέμων,πόλεμος,n-p---mg-,ATR
2940,πλείονος,πολύς,a-s---ngc,ADV_CO
2941,δεῖ,δέω,v3spia---,ADV_CO
2942,καὶ,καί,c--------,COORD
2943,τῆς,ὁ,l-s---fg-,ATR
2944,παρασκευῆς,παρασκευή,n-s---fg-,ADV_CO
2945,",",",",u--------,AuxX
2946,τοὺς,ὁ,l-p---ma-,ATR
2947,δ’,δέ,c--------,AuxY
2948,ἐλάττους,ἐλαχύς,a-p---mac,OBJ
2949,κα-,καί,c--------,COORD
2950,κἂν,ἄν,g--------,AuxY
2951,ἀπὸ,ἀπό,r--------,AuxP
2952,φαυλοτέρας,φαῦλος,a-s---fgc,ADV
2953,διαφέροι,διαφέρω,v3spoa---,ADV_CO
2954,τις,τις,p-s---cn-,SBJ
2955,",",",",u--------,AuxX
2956,οὕτως,οὕτως,d--------,ADV
2957,καὶ,καί,c--------,AuxZ
2958,τῶν,ὁ,l-p---ng-,ATR
2959,δεινῶν,δεινός,a-p---ng-,ATR
2960,ὅσα,ὅσος,p-p---nn-,SBJ
2961,ὑπερβέβληκε,ὑπερβάλλω,v3sria---,ATR
2962,μεγάλης,μέγας,a-s---fg-,ATR
2963,δεῖται,δέω,v3spim---,PRED
2964,τῆς,ὁ,l-s---fg-,ATR
2965,τῶν,ὁ,l-p---mg-,ATR
2966,παθόντων,πάσχω,v-papamg-,ATR
2967,ῥώμης,ῥώμη,n-s---fg-,OBJ
2968,πρὸς,πρός,r--------,AuxP
2969,αὐτά,αὐτός,p-p---na-,ADV
2970,.,.,u--------,AuxK
2971,δεῖ,δέω,v3spia---,PRED
2972,δὴ,δή,g--------,AuxY
2973,κατὰ,κατά,r--------,AuxP
2974,κράτος,κράτος,n-s---na-,ADV
2975,αὐτοῖς,αὐτός,p-p---md-,OBJ
2976,ἀνθίστασθαι,ἀνθίστημι,v--pnm---,SBJ_CO
2977,καὶ,καί,c--------,COORD
2978,παντὶ,πᾶς,p-s---md-,ATR
2979,τῷ,ὁ,l-s---md-,ATR
2980,θυμῷ,θυμός,n-s---md-,ADV
2981,παρεσκευασμένους,παρασκευάζω,v-prpmma-,ADV
2982,τὸν,ὁ,l-s---ma-,ATR
2983,ἀγῶνα,ἀγών,n-s---ma-,OBJ
2984,τοῦτον,οὗτος,p-s---ma-,ATR
2985,ἀγωνίζεσθαι,ἀγωνίζομαι,v--pnm---,SBJ_CO
2986,",",",",u--------,AuxX
2987,εἴπερ,εἴπερ,c--------,AuxC
2988,μὴ,μή,d--------,AuxZ
2989,μέλλοι,μέλλω,v3spoa---,ADV
2990,τις,τις,p-s---cn-,SBJ
2991,καταληφθεὶς,καταλαμβάνω,v-sappmn-,ADV
2992,παρενεχθήσεσθαι,παραφέρω,v--fnp---,OBJ
2993,",",",",u--------,AuxX
2994,λογιζομένους,λογίζομαι,v-pppmma-,ADV
2995,ὅτι,ὅτι,c--------,AuxC
2996,πρότερον,πρότερος,d-------c,ADV
2997,μὲν,μέν,g--------,AuxY
2998,οἱ,ὁ,l-p---mn-,ATR
2999,τὰς,ὁ,l-p---fa-,ATR
3000,εἰκόνας,εἰκών,n-p---fa-,OBJ_CO
3001,καὶ,καί,c--------,COORD
3002,τοὺς,ὁ,l-p---ma-,ATR
3003,ἀνδριάντας,ἀνδριάς,n-p---ma-,OBJ_CO
3004,ὁρῶντες,ὁράω,v-pppamn-,ADV
3005,τὴν,ὁ,l-s---fa-,ATR
3006,τῶν,ὁ,l-p---mg-,ATR
3007,πεποιηκότων,ποιέω,v-prpamg-,ATR
3008,ἐκεῖνα,ἐκεῖνος,p-p---na-,ATR
3009,τέχνην,τέχνη,n-s---fa-,OBJ
3010,ἐθαύμαζον,θαυμάζω,v3piia---,OBJ_CO
3011,",",",",u--------,AuxX
3012,νῦν,νῦν,d--------,ADV
3013,δὲ,δέ,c--------,COORD
3014,τὴν,ὁ,l-s---fa-,ATR
3015,ὑμετέραν,ὑμέτερος,a-s---fa-,ATR
3016,ἅπαντες,ἅπας,p-p---mn-,SBJ
3017,θαυμάσονται,θαυμάζω,v3pfim---,OBJ_CO
3018,γνώμην,γνώμη,n-s---fa-,OBJ
3019,",",",",u--------,AuxX
3020,ἐὰν,ἐάν,c--------,AuxC
3021,καὶ,καί,c--------,AuxZ
3022,χωρὶς,χωρίς,r--------,AuxP
3023,τούτων,οὗτος,p-p---ng-,ADV
3024,φαίνησθε,φαίνω,v2ppsa---,ADV
3025,φρονοῦντες,φρονέω,v-pppamn-,PNOM
3026,ἐφ’,ἐπί,r--------,AuxP
3027,ὑμῖν,σύ,p-p---cd-,ADV
3028,αὐτοῖς,αὐτός,p-p---md-,ATR
3029,.,.,u--------,AuxK
3030,ὅλως,ὅλος,d--------,ADV
3031,δὲ,δέ,c--------,AuxY
3032,ὥσπερ,ὥσπερ,c--------,AuxC
3033,τὸν,ὁ,l-s---ma-,ATR
3034,χρυσὸν,χρυσός,n-s---ma-,OBJ
3035,ἡ,ὁ,l-s---fn-,ATR
3036,βάσανος,βάσανος,n-s---fn-,SBJ
3037,δείκνυσιν,δείκνυμι,v3spia---,ADV
3038,",",",",u--------,AuxX
3039,οὕτω,οὕτως,d--------,ADV
3040,τοὺς,ὁ,l-p---ma-,ATR
3041,ἄνδρας,ἀνήρ,n-p---ma-,OBJ
3042,τοὺς,ὁ,l-p---ma-,ATR
3043,ἀγαθοὺς,ἀγαθός,a-p---ma-,ATR
3044,κρίνουσιν,κρίνω,v3ppia---,PRED
3045,αἱ,ὁ,l-p---fn-,ATR
3046,συμφοραί,συμφορά,n-p---fn-,SBJ
3047,·,·,u--------,AuxK
3048,καὶ,καί,c--------,AuxY
3049,ὑμᾶς,σύ,p-p---ca-,OBJ
3050,πάντα,πᾶς,p-p---na-,ATR
3051,ταῦτα,οὗτος,p-p---na-,OBJ
3052,ὁποῖοί,ὁποῖος,p-p---mn-,PNOM
3053,τινές,τις,p-p---cn-,ATR
3054,ἐστε,εἰμί,v2ppia---,ATR
3055,δείξει,δείκνυμι,v3sfia---,PRED
3056,νῦν,νῦν,d--------,ADV
3057,",",",",u--------,AuxX
3058,ὁ,ὁ,l-s---mn-,ATR
3059,σεισμὸς,σεισμός,n-s---mn-,SBJ
3060,",",",",u--------,AuxX
3061,ὁ,ὁ,l-s---mn-,ATR
3062,ἐμπρησμὸς,ἐμπρησμός,n-s---mn-,CO
3063,",",",",u--------,AuxX
3064,ἅπαντα,ἅπας,p-p---nn-,CO
3065,ὅσα,ὅσος,p-p---nn-,SBJ
3066,ἠκολούθησεν,ἀκολουθέω,v3saia---,ATR
3067,ἑνὶ,εἷς,m-s---nd-,ATR
3068,τῷ,ὁ,l-s---nd-,ATR
3069,πρώτῳ,πρῶτος,a-s---nd-,ATR
3070,κακῷ,κακός,a-s---nd-,OBJ
3071,.,.,u--------,AuxK
3072,καίτοι,καίτοι,g--------,AuxY
3073,παράδοξον,παράδοξος,a-s---na-,OBJ
3074,ποιῶ,ποιέω,v1spia---,PRED
3075,·,·,u--------,AuxK
3076,δεόμενος,δέω,v-sppmmn-,ADV
3077,γὰρ,γάρ,g--------,AuxY
3078,παραμυθίας,παραμυθία,n-s---fg-,OBJ
3079,αὐτὸς,αὐτός,p-s---mn-,ADV
3080,τῆς,ὁ,l-s---fg-,ATR
3081,ἐφ’,ἐπί,r--------,AuxP
3082,ὑμῖν,σύ,p-p---cd-,ATR
3083,",",",",u--------,AuxX
3084,ὑμᾶς,σύ,p-p---ca-,SBJ
3085,κατέχειν,κατέχω,v--pna---,OBJ
3086,ἀξιῶ,ἀξιόω,v1spia---,PRED
3087,.,.,u--------,AuxK
3088,ὅ,ὅς,p-s---nn-,SBJ
3089,μοι,ἐγώ,p-s---cd-,OBJ
3090,καὶ,καί,c--------,AuxZ
3091,αὐτὸ,αὐτός,p-s---nn-,SBJ
3092,δικαίως,δίκαιος,d--------,ADV
3093,ἂν,ἄν,g--------,AuxY
3094,συλλαμβάνοι,συλλαμβάνω,v3spoa---,PRED
3095,πρὸς,πρός,r--------,AuxP
3096,τὸ,ὁ,l-s---na-,ATR
3097,πείθειν,πείθω,v--pna---,ADV
3098,.,.,u--------,AuxK
3099,τοὺς,ὁ,l-p---ma-,ATR
3100,γὰρ,γάρ,g--------,AuxY
3101,συμπεπονθότας,συμπάσχω,v-prpama-,SBJ
3102,ταῖς,ὁ,l-p---fd-,ATR
3103,γνώμαις,γνώμη,n-p---fd-,OBJ
3104,ἡγοῦμαι,ἡγέομαι,v1spim---,PRED
3105,καὶ,καί,c--------,AuxZ
3106,συμβούλους,σύμβουλος,n-p---ma-,SBJ
3107,ἀξιοπίστους,ἀξιόπιστος,a-p---ma-,ATR
3108,εἰκότως,ἔοικα,d--------,ADV
3109,ἂν,ἄν,g--------,AuxY
3110,τοῖς,ὁ,l-p---md-,ATR
3111,εὖ,εὖ,d--------,ADV
3112,φρονοῦσιν,φρονέω,v-pppamd-,ADV
3113,εἶναι,εἰμί,v--pna---,OBJ
3114,.,.,u--------,AuxK
3115,ὧν,ὅς,p-p---ng-,ATR
3116,γὰρ,γάρ,g--------,AuxY
3117,τὰ,ὁ,l-p---nn-,ATR
3118,αὐτὰ,αὐτός,p-p---nn-,SBJ
3119,ἅπτεται,ἅπτω,v3spim---,SBJ
3120,καὶ,καί,c--------,AuxY
3121,φροντίζειν,φροντίζω,v--pna---,OBJ_CO
3122,τούτους,οὗτος,p-p---ma-,OBJ
3123,εἰκὸς,ἔοικα,v-srpann-,PNOM
3124,περὶ,περί,r--------,AuxP
3125,τούτων,οὗτος,p-p---ng-,ADV
3126,καὶ,καί,c--------,AuxY
3127,λέγειν,λέγω,v--pna---,OBJ_CO
3128,ἐπ’,ἐπί,r--------,AuxP
3129,εὐνοίᾳ,εὔνοια,n-s---fd-,ADV
3130,καὶ,καί,c--------,COORD
3131,τὸ,ὁ,l-s---na-,ATR
3132,δυνατὸν,δυνατός,a-s---na-,SBJ
3133,πρώτῳ,πρῶτος,a-s---nd-,ADV
3134,τούτῳ,οὗτος,p-s---nd-,OBJ
3135,βεβαιοῦν,βεβαιόω,v--pna---,OBJ_CO
3136,τῷ,ὁ,l-s---nd-,ATR
3137,παραπλησίως,παραπλήσιος,d--------,ADV
3138,διακειμένους,διάκειμαι,v-prpmma-,SBJ
3139,ὅμως,ὅμως,d--------,ADV
3140,ἀξιοῦντας,ἀξιόω,v-pppama-,ADV
3141,φέρειν,φέρω,v--pna---,SBJ
3142,φαίνεσθαι,φαίνω,v--pnm---,OBJ
3143,.,.,u--------,AuxK
3144,E,E,z--------,PRED
3145,ἡγοῦμαι,ἡγέομαι,v1spim---,PRED
3146,δ’,δέ,c--------,AuxY
3147,ἔγωγε,ἐγώ,p-s---cn-,SBJ
3148,καὶ,καί,c--------,AuxZ
3149,τὸ,ὁ,l-s---na-,ATR
3150,τηλικαῦτα,τηλικοῦτος,p-p---na-,OBJ
3151,ἀτυχεῖν,ἀτυχέω,v--pna---,OBJ
3152,οὐ,οὐ,d--------,AuxZ
3153,τοῖς,ὁ,l-p---md-,ATR
3154,μικροτάτοις,μικρός,a-p---mds,OBJ_CO
3155,τῶν,ὁ,l-p---mg-,ATR
3156,ἀνθρώπων,ἄνθρωπος,n-p---mg-,ATR
3157,ἀποκεῖσθαι,ἀπόκειμαι,v--pnm---,OBJ
3158,οὐ,οὐ,d--------,AuxZ
3159,-δὲ,δέ,c--------,COORD
3160,τοῖς,ὁ,l-p---md-,ATR
3161,οὐκ,οὐ,d--------,AuxZ
3162,ἔχουσιν,ἔχω,v-pppamd-,OBJ_CO
3163,ὅθεν,ὅθεν,d--------,ADV
3164,πέσωσιν,πίπτω,v3pasa---,OBJ_CO
3165,",",",",u--------,AuxX
3166,ἀλλὰ,ἀλλά,c--------,COORD
3167,τοῖς,ὁ,l-p---md-,ATR
3168,δυναμένοις,δύναμαι,v-pppmmd-,OBJ_CO
3169,δέξασθαι,δέχομαι,v--anm---,OBJ
3170,τοῦτο,οὗτος,p-s---na-,ATR
3171,τὸ,ὁ,l-s---na-,ATR
3172,μέτρον,μέτρον,n-s---na-,OBJ
3173,τῆς,ὁ,l-s---fg-,ATR
3174,συμφορᾶς,συμφορά,n-s---fg-,ATR
3175,.,.,u--------,AuxK
3176,ἀλλ’,ἀλλά,c--------,AuxY
3177,οἴεσθε,οἴομαι,v2ppim---,PRED
3178,Σερίφου,Σέριφος,n-s---mg-,ATR
3179,πρὸς,πρός,r--------,AuxP
3180,θεῶν,θεός,n-p---mg-,OBJ
3181,",",",",u--------,AuxX
3182,ἢ,ἤ,c--------,AuxY
3183,Σύμης,Σύμη,n-s---fg-,CO
3184,ταυτησὶ,οὗτος,p-s---fg-,ATR
3185,τὸ,ὁ,l-s---na-,ATR
3186,πτῶμα,πτῶμα,n-s---na-,APOS
3187,τοῦτο,οὗτος,p-s---na-,ATR
3188,",",",",u--------,AuxX
3189,ἤ,ἤ,c--------,AuxY
3190,τινος,τις,p-s---cg-,ATR
3191,ἄλλης,ἄλλος,p-s---fg-,ATR
3192,τῶν,ὁ,l-p---fg-,ATR
3193,πολλῶν,πολύς,a-p---fg-,ATR_CO
3194,καὶ,καί,c--------,COORD
3195,ἐν,ἐν,r--------,AuxP
3196,κύκλῳ,κύκλος,n-s---md-,ATR_CO
3197,νήσων,νῆσος,n-p---fg-,ATR
3198,;,;,u--------,AuxK
3199,Ῥόδος,Ῥόδος,n-s---fn-,SBJ
3200,οἶμαι,οἴομαι,v1spim---,PRED
3201,τοσούτων,τοσοῦτος,p-p---ng-,OBJ_CO
3202,καὶ,καί,c--------,COORD
3203,τηλικούτων,τηλικοῦτος,p-p---ng-,OBJ_CO
3204,εἶχε,ἔχω,v3siia---,CO
3205,στερηθῆναι,στερέω,v--anp---,OBJ
3206,.,.,u--------,AuxK
3207,ὑμῖν,σύ,p-p---cd-,OBJ
3208,δὲ,δέ,c--------,AuxY
3209,ἄμφω,ἄμφω,p-d---na-,ATR
3210,τὰ,ὁ,l-p---na-,ATR
3211,ἄκρα,ἄκρον,n-p---na-,OBJ
3212,ὁ,ὁ,l-s---mn-,ATR
3213,δαίμων,δαίμων,n-s---mn-,SBJ
3214,ἀπένειμεν,ἀπονέμω,v3saia---,PRED
3215,·,·,u--------,AuxK
3216,ἀρετῇ,ἀρετή,n-s---fd-,ADV_CO
3217,τε,τε,c--------,AuxY
3218,γὰρ,γάρ,g--------,AuxY
3219,καὶ,καί,c--------,AuxY
3220,δυνάμει,δύναμις,n-s---fd-,ADV_CO
3221,καὶ,καί,c--------,COORD
3222,κατασκευῇ,κατασκευή,n-s---fd-,ADV_CO
3223,πόλεως,πόλις,n-s---fg-,ATR
3224,ὑπερβάλλεσθε,ὑπερβάλλω,v2ppim---,PRED_CO
3225,τῶν,ὁ,l-p---mg-,ATR
3226,ἄλλων,ἄλλος,p-p---mg-,ATR
3227,τὰς,ὁ,l-p---fa-,ATR
3228,φανερὰς,φανερός,a-p---fa-,OBJ
3229,",",",",u--------,AuxX
3230,ἐπεὶ,ἐπεί,c--------,AuxC
3231,δὲ,δέ,c--------,COORD
3232,ἔδει,δέω,v3siia---,ADV
3233,καὶ,καί,c--------,AuxZ
3234,τῶν,ὁ,l-p---ng-,ATR
3235,ἐναντίων,ἐναντίος,a-p---ng-,ATR
3236,πεῖραν,πεῖρα,n-s---fa-,OBJ
3237,λαβεῖν,λαμβάνω,v--ana---,SBJ
3238,",",",",u--------,AuxX
3239,ὡς,ὡς,c--------,AuxC
3240,οὐκ,οὐ,d--------,AuxZ
3241,ἔδει,δέω,v3siia---,ADV
3242,",",",",u--------,AuxX
3243,ἐξίσωσε,ἐξισόω,v3saia---,PRED_CO
3244,καὶ,καί,c--------,AuxZ
3245,ταῦτα,οὗτος,p-p---na-,OBJ
3246,ἡ,ὁ,l-s---fn-,ATR
3247,τύχη,τύχη,n-s---fn-,SBJ
3248,τοῖς,ὁ,l-p---nd-,ATR
3249,ἄνω,ἄνω,d--------,ATR
3250,πλεονεκτήμασι,πλεονέκτημα,n-p---nd-,OBJ
3251,·,·,u--------,AuxK
3252,μέγιστα,μέγας,a-p---nas,OBJ
3253,δὲ,δέ,c--------,AuxY
3254,ἔχοντες,ἔχω,v-pppamn-,ADV
3255,μεγίστων,μέγας,a-p---ngs,OBJ
3256,ἐξεπέσετε,ἐξεπιέννυμι,v2pfia---,PRED
3257,.,.,u--------,AuxK
3258,ὥσπερ,ὥσπερ,c--------,AuxC
3259,δὲ,δέ,c--------,AuxY
3260,Ἡσίοδος,Ἡσίοδος,n-s---mn-,SBJ
3261,ἔφη,φημί,v3siia---,ADV
3262,τοῦ,ὁ,l-s---mg-,ATR
3263,οὐρανοῦ,οὐρανός,n-s---mg-,SBJ_CO
3264,καὶ,καί,c--------,COORD
3265,τῆς,ὁ,l-s---fg-,ATR
3266,γῆς,γῆ,n-s---fg-,SBJ_CO
3267,συμπεσόντων,συμπίπτω,v-papamg-,ADV
3268,μέγιστον,μέγας,a-s---mas,ATR
3269,ἂν,ἄν,g--------,AuxY
3270,γενέσθαι,γίγνομαι,v--anm---,OBJ
3271,κτύπον,κτύπος,n-s---ma-,SBJ
3272,",",",",u--------,AuxX
3273,ὡς,ὡς,c--------,AuxC
3274,τοῦτο,οὗτος,p-s---nn-,SBJ
3275,ὂν,εἰμί,v-sppann-,ADV
3276,μέγιστον,μέγας,a-s---nns,PNOM
3277,τῶν,ὁ,l-p---ng-,ATR
3278,ἀφ’,ἀπό,r--------,AuxP
3279,ὑψηλοῦ,ὑψηλός,a-s---ng-,ATR
3280,πτῶμα,πτῶμα,n-s---nn-,PNOM
3281,",",",",u--------,AuxX
3282,οὕτω,οὕτως,d--------,ADV
3283,τῶν,ὁ,l-p---mg-,ATR
3284,ἐν,ἐν,r--------,AuxP
3285,γῇ,γῆ,n-s---fd-,ATR
3286,Ῥόδος,Ῥόδος,n-s---fn-,SBJ
3287,πεσοῦσα,πίπτω,v-sapafn-,ADV
3288,μέγιστον,μέγας,a-s---nas,ADV
3289,ἤχησε,ἠχέω,v3saia---,PRED_CO
3290,καὶ,καί,c--------,COORD
3291,εἰς,εἰς,r--------,AuxP
3292,πλείστους,πολύς,a-p---mas,OBJ
3293,ἡ,ὁ,l-s---fn-,ATR
3294,αἴσθησις,αἴσθησις,n-s---fn-,SBJ
3295,αὐτῆς,αὐτός,p-s---fg-,ATR
3296,ἀφίκετο,ἀφικνέομαι,v3saim---,PRED_CO
3297,καὶ,καί,c--------,AuxY
3298,Ἕλληνας,Ἕλλην,n-p---ma-,OBJ
3299,.,.,u--------,AuxK
3300,καὶ,καί,c--------,AuxY
3301,βαρβάρους,βάρβαρος,a-p---ma-,OBJ
3302,",",",",u--------,AuxX
3303,καὶ,καί,c--------,AuxY
3304,τούς,ὁ,l-p---ma-,ATR
3305,γε,γε,g--------,AuxZ
3306,Ἑλλήνων,Ἕλλην,n-p---mg-,OBJ_CO
3307,καὶ,καί,c--------,COORD
3308,βαρβάρων,βάρβαρος,a-p---mg-,OBJ_CO
3309,ἄρχοντας,ἄρχω,v-pppama-,OBJ
3310,αὐτούς,αὐτός,p-p---ma-,OBJ
3311,.,.,u--------,AuxK
3312,E,E,z--------,PRED
3313,οὐ,οὐ,d--------,AuxZ
3314,γὰρ,γάρ,g--------,AuxY
3315,ἄλλο,ἄλλος,p-s---nn-,ATR
3316,γε,γε,g--------,AuxZ
3317,οὐδὲν,οὐδείς,p-s---nn-,SBJ
3318,ἢ,ἤ,c--------,AuxC
3319,ἀποκεκόσμηται,ἀποκοσμέω,v3srim---,PRED_CO
3320,πᾶσα,πᾶς,p-s---fn-,ATR
3321,ἡ,ὁ,l-s---fn-,ATR
3322,θάλαττα,θάλασσα,n-s---fn-,SBJ
3323,καὶ,καί,c--------,COORD
3324,χηρεύει,χηρεύω,v3spia---,PRED_CO
3325,τὸ,ὁ,l-s---na-,ATR
3326,λοιπὸν,λοιπός,a-s---na-,ADV
3327,ὧν,ὅς,p-p---ng-,OBJ
3328,ἥκιστα,ἦκα,a-p---nas,ADV
3329,ἐχρῆν,χρή,v3siia---,ATR
3330,.,.,u--------,AuxK
3331,E,E,z--------,UNLINKED
3332,ὥστ’,ὥστε,c--------,AuxY
3333,εἰκότως,ἔοικα,d--------,ADV
3334,πλείστους,πολύς,a-p---mas,OBJ_CO
3335,καὶ,καί,c--------,COORD
3336,τοὺς,ὁ,l-p---ma-,ATR
3337,συναχθομένους,συνάχθομαι,v-pppmma-,OBJ_CO
3338,ἔχετε,ἔχω,v2ppia---,PRED
3339,.,.,u--------,AuxK
3340,οὔ,οὐ,d--------,AuxZ
3341,-τε,τε,c--------,AuxY
3342,γὰρ,γάρ,g--------,AuxY
3343,ἀφανὲς,ἀφανής,a-s---nn-,PNOM
3344,τὸ,ὁ,l-s---nn-,ATR
3345,πρᾶγμα,πρᾶγμα,n-s---nn-,SBJ
3346,διὰ,διά,r--------,AuxP
3347,τὸ,ὁ,l-s---na-,ATR
3348,μέγεθος,μέγεθος,n-s---na-,ADV
3349,οὔ,οὐ,d--------,AuxZ
3350,-τ’,τε,c--------,AuxY
3351,ἦν,εἰμί,v3siia---,PRED
3352,ὅστις,ὅστις,p-s---mn-,SBJ
3353,ὑμῖν,σύ,p-p---cd-,OBJ
3354,ἐφησθήσεται,ἐφήδομαι,v3sfip---,SBJ
3355,.,.,u--------,AuxK
3356,E,E,z--------,UNLINKED
3357,πάντων,πᾶς,p-p---mg-,ATR
3358,γὰρ,γάρ,g--------,AuxY
3359,κοινοὶ,κοινός,a-p---mn-,ATR
3360,ξένοι,ξένος,a-p---mn-,SBJ_CO
3361,καὶ,καί,c--------,AuxY
3362,φίλοι,φίλος,a-p---mn-,SBJ_CO
3363,",",",",u--------,AuxX
3364,πολλῶν,πολύς,a-p---mg-,ATR
3365,δὲ,δέ,c--------,AuxY
3366,καὶ,καί,c--------,AuxZ
3367,σωτῆρες,σωτήρ,n-p---mn-,SBJ
3368,ἦτε,εἰμί,v2piia---,PRED_CO
3369,",",",",u--------,AuxX
3370,ἀγαθοὶ,ἀγαθός,a-p---mn-,ATR
3371,μὲν,μέν,g--------,AuxY
3372,ἡγεμόνες,ἡγεμών,n-p---mn-,SBJ_CO
3373,καὶ,καί,c--------,AuxY
3374,προπομποὶ,προπομπός,a-p---mn-,SBJ_CO
3375,τῶν,ὁ,l-p---mg-,ATR
3376,παραπλεόντων,παραπλέω,v-pppamg-,ATR
3377,ἐπ’,ἐπί,r--------,AuxP
3378,ἀμφότερα,ἀμφότερος,a-p---na-,ATR
3379,τὴν,ὁ,l-s---fa-,ATR
3380,νῆσον,νῆσος,n-s---fa-,ADV
3381,",",",",u--------,AuxX
3382,ὧν,ὅς,p-p---mg-,OBJ
3383,ἐποίησεν,ποιέω,v3saia---,ATR
3384,Ὅμηρος,Ὅμηρος,n-s---mn-,SBJ
3385,ἐν,ἐν,r--------,AuxP
3386,μύθῳ,μῦθος,n-s---md-,ADV
3387,Φαιάκων,Φαίαξ,n-p---mg-,ATR
3388,ἡδίους,ἡδύς,a-p---mnc,ATR_CO
3389,καὶ,καί,c--------,COORD
3390,λαμπρότεροι,λαμπρός,a-p---mnc,ATR_CO
3391,",",",",u--------,AuxX
3392,ὀνομαστοὶ,ὀνομαστός,a-p---mn-,PNOM
3393,δὲ,δέ,c--------,COORD
3394,καὶ,καί,c--------,AuxZ
3395,τοῖς,ὁ,l-p---md-,ATR
3396,ἐπ’,ἐπί,r--------,AuxP
3397,ἐσχατιαῖς,ἐσχατιά,n-p---fd-,ATR
3398,γῆς,γῆ,n-s---fg-,ATR
3399,.,.,u--------,AuxK
3400,E,E,z--------,PRED_CO
3401,ὥστε,ὥστε,c--------,AuxY
3402,καὶ,καί,c--------,AuxY
3403,τοῖς,ὁ,l-p---md-,ATR
3404,οὐκ,οὐ,d--------,AuxZ
3405,εἰδόσι,οἶδα,v-prpamd-,ADV
3406,τὴν,ὁ,l-s---fa-,ATR
3407,πόλιν,πόλις,n-s---fa-,OBJ
3408,παρὰ,παρά,r--------,AuxP
3409,τῶν,ὁ,l-p---mg-,ATR
3410,εἰδότων,οἶδα,v-prpamg-,ADV
3411,ἀκούουσιν,ἀκούω,v-pppamd-,OBJ
3412,",",",",u--------,AuxX
3413,εἰ,εἰ,c--------,AuxC
3414,καὶ,καί,c--------,AuxZ
3415,τα-,ὁ,l-p---na-,ATR
3416,τἄλλα,ἄλλος,p-p---na-,OBJ
3417,καθ’,κατά,r--------,AuxP
3418,ἡδονὴν,ἡδονή,n-s---fa-,ADV
3419,βεβιωμένα,βιόω,v-prpmna-,OBJ
3420,αὑτοῖς,ἑαυτοῦ,p-p---md-,OBJ
3421,εἶχον,ἔχω,v3piia---,ADV
3422,λέγειν,λέγω,v--pna---,OBJ
3423,",",",",u--------,AuxX
3424,τοῦτο,οὗτος,p-s---na-,OBJ
3425,γοῦν,γοῦν,g--------,AuxY
3426,ἓν,εἷς,m-s---na-,OBJ
3427,οὐκ,οὐ,d--------,AuxZ
3428,ἐλάχιστον,ἐλαχύς,a-s---nas,ADV
3429,δοκεῖν,δοκέω,v--pna---,PRED
3430,ἐνδεῖν,ἐνδέω,v--pna---,OBJ
3431,",",",",u--------,AuxX
3432,ὅτι,ὅτι,c--------,AuxC
3433,μὴ,μή,d--------,AuxZ
3434,εἶδόν,ὁράω,v3paia---,ADV
3435,πω,πω,d--------,ADV
3436,Ῥόδον,Ῥόδος,n-s---fa-,OBJ
3437,.,.,u--------,AuxK
3438,καὶ,καί,c--------,AuxY
3439,δῆτα,δῆτα,g--------,AuxZ
3440,καὶ,καί,c--------,AuxY
3441,ἀπορήσαι,ἀπορέω,v3saoa---,PRED_CO
3442,τις,τις,p-s---cn-,SBJ
3443,ἂν,ἄν,g--------,AuxY
3444,ποτέροις,πότερος,p-p---md-,ADV
3445,νῦν,νῦν,d--------,ADV
3446,μᾶλλον,μάλα,d-------c,ADV
3447,ἄξιον,ἄξιος,a-s---nn-,PNOM
3448,ὀδύρασθαι,ὀδύρομαι,v--anm---,OBJ
3449,",",",",u--------,AuxX
3450,πότερον,πότερος,g--------,AuxY
3451,τοῖς,ὁ,l-p---md-,ATR
3452,ἀθεάτοις,ἀθέατος,a-p---md-,OBJ_CO
3453,τῆς,ὁ,l-s---fg-,ATR
3454,πόλεως,πόλις,n-s---fg-,ATR
3455,",",",",u--------,AuxX
3456,ἢ,ἤ,c--------,COORD
3457,τοῖς,ὁ,l-p---md-,ATR
3458,ὡμιληκόσιν,ὁμιλέω,v-prpamd-,OBJ_CO
3459,.,.,u--------,AuxK
3460,E,E,z--------,PRED_CO
3461,οἱ,ὁ,l-p---mn-,SBJ
3462,μὲν,μέν,g--------,AuxY
3463,γὰρ,γάρ,g--------,AuxY
3464,ἐστέρηνται,στερέω,v3prim---,PRED_CO
3465,τοῦ,ὁ,l-s---ng-,ATR
3466,καλλίστου,καλός,a-s---ngs,ATR
3467,θεάματος,θέαμα,n-s---ng-,OBJ
3468,",",",",u--------,AuxX
3469,οἱ,ὁ,l-p---mn-,SBJ
3470,δ’,δέ,c--------,AuxY
3471,ὧν,ὅς,p-p---ng-,OBJ
3472,εἶδον,ὁράω,v3paia---,ATR
3473,τοῦ,ὁ,l-s---ng-,ATR
3474,μεγίστου,μέγας,a-s---ngs,OBJ
3475,",",",",u--------,AuxX
3476,ὅσον,ὅσος,p-s---na-,ADV
3477,δ’,δέ,c--------,COORD
3478,ἐκέρδαναν,κερδαίνω,v3paia---,ATR
3479,",",",",u--------,AuxX
3480,τοσοῦτον,τοσοῦτος,p-s---na-,ADV
3481,ἐζημίωνται,ζημιόω,v3prim---,PRED_CO
3482,·,·,u--------,AuxK
3483,οὐ,οὐ,d--------,AuxZ
3484,γὰρ,γάρ,g--------,AuxY
3485,ἀγνοοῦσιν,ἀγνοέω,v3ppia---,PRED
3486,ἡλίκον,ἡλίκος,p-s---nn-,ATR
3487,τι,τις,p-s---nn-,ATR
3488,χρῆμα,χρῆμα,n-s---nn-,SBJ
3489,ἀπόλωλεν,ἀπόλλυμι,v3sria---,OBJ
3490,.,.,u--------,AuxK
3491,ᾗ,ὅς,p-s---fd-,OBJ
3492,καὶ,καί,c--------,AuxY
3493,μάλιστα,μάλα,d-------s,ADV
3494,χρὴ,χρή,v3spia---,PRED
3495,προθυμηθῆναι,προθυμέομαι,v--anp---,SBJ
3496,εὐκόλως,εὔκολος,d--------,ADV_CO
3497,καὶ,καί,c--------,COORD
3498,γενναίως,γενναῖος,d--------,ADV_CO
3499,τοῖς,ὁ,l-p---nd-,ATR
3500,παροῦσι,πάρειμι,v-pppand-,OBJ
3501,χρήσασθαι,χράω,v--anm---,SBJ
3502,",",",",u--------,AuxX
3503,ὅτι,ὅτι,c--------,AuxC
3504,πολλοὺς,πολύς,a-p---ma-,ATR
3505,θεατὰς,θεατής,n-p---ma-,OBJ_CO
3506,καὶ,καί,c--------,COORD
3507,μάρτυρας,μάρτυς,n-p---ma-,OBJ_CO
3508,τοῦ,ὁ,l-s---ng-,ATR
3509,πῶς,πῶς,d--------,ADV
3510,αὐτὰ,αὐτός,p-p---na-,OBJ
3511,διοίσετε,διαφέρω,v2pfia---,ATR
3512,ἔχετε,ἔχω,v2ppia---,ADV
3513,",",",",u--------,AuxX
3514,οἷς,ὅς,p-p---md-,ADV
3515,καλῶς,καλός,d--------,ADV
3516,ἔχον,ἔχω,v-sppann-,PNOM
3517,ἐστὶ,εἰμί,v3spia---,ATR
3518,καὶ,καί,c--------,AuxY
3519,Ῥοδίων,Ῥόδιος,a-p---mg-,ATR
3520,ἔργον,ἔργον,n-s---nn-,SBJ
3521,ἐνδείξασθαι,ἐνδείκνυμι,v--anm---,SBJ
3522,τῆς,ὁ,l-s---fg-,ATR
3523,εὐγενείας,εὐγένεια,n-s---fg-,ATR
3524,τὴν,ὁ,l-s---fa-,ATR
3525,περιουσίαν,περιουσία,n-s---fa-,OBJ
3526,",",",",u--------,AuxX
3527,ὅτι,ὅτι,c--------,AuxC
3528,κα-,καί,c--------,MWE
3529,κἂν,ἐάν,c--------,AuxC
3530,δεκάκις,δεκάκις,d--------,ADV
3531,τὰ,ὁ,l-p---nn-,ATR
3532,τείχη,τεῖχος,n-p---nn-,SBJ
3533,πέσῃ,πίπτω,v3sasa---,ADV
3534,",",",",u--------,AuxX
3535,τὸ,ὁ,l-s---nn-,ATR
3536,γοῦν,γοῦν,g--------,AuxY
3537,ἀξίωμα,ἀξίωμα,n-s---nn-,SBJ
3538,τῆς,ὁ,l-s---fg-,ATR
3539,πόλεως,πόλις,n-s---fg-,ATR
3540,οὐ,οὐ,d--------,AuxZ
3541,πεσεῖται,πίπτω,v3sfim---,ADV_CO
3542,",",",",u--------,AuxX
3543,ἕως,ἕως,r--------,AuxC
3544,ἂν,ἄν,g--------,AuxY
3545,εἷς,εἷς,m-s---mn-,SBJ
3546,λείπηται,λείπω,v3spsm---,ADV
3547,Ῥοδίων,Ῥόδιος,a-p---mg-,ATR
3548,",",",",u--------,AuxX
3549,ἀλλ’,ἀλλά,c--------,AuxY
3550,ἑστήξει,ἵστημι,v3stia---,ADV_CO
3551,καὶ,καί,c--------,COORD
3552,μενεῖ,μένω,v3sfia---,ADV_CO
3553,σῶν,σός,a-s---ma-,ADV
3554,·,·,u--------,AuxK
3555,ἵνα,ἵνα,c--------,AuxC
3556,μὴ,μή,d--------,AuxZ
3557,συνάχθωνται,συνάχθομαι,v3ppsm---,ADV
3558,μᾶλλον,μάλα,d-------c,ADV
3559,ἢ,ἤ,c--------,AuxC
3560,θαυμάζωσιν,θαυμάζω,v3ppsa---,ADV
3561,ὑμᾶς,σύ,p-p---ca-,OBJ
3562,",",",",u--------,AuxX
3563,μη,μή,d--------,AuxZ
3564,-δ’,δέ,c--------,MWE
3565,ἐπὶ,ἐπί,r--------,AuxP
3566,θρήνων,θρῆνος,n-p---mg-,ADV_CO
3567,μέμνωνται,μιμνῴσκω,v3prsm---,PRED
3568,τῆς,ὁ,l-s---fg-,ATR
3569,πόλεως,πόλις,n-s---fg-,ATR
3570,",",",",u--------,AuxX
3571,ἀλλ’,ἀλλά,c--------,COORD
3572,ἐπὶ,ἐπί,r--------,AuxP
3573,ζήλω,ζῆλος,n-s---mg-,ADV_CO
3574,τῶν,ὁ,l-p---mg-,ATR
3575,λειφθέντων,λείπω,v-pappmg-,ATR
3576,·,·,u--------,AuxK
3577,E,E,z--------,UNLINKED
3578,μη,μή,d--------,AuxZ
3579,-δ’,δέ,c--------,MWE
3580,ὑμᾶς,σύ,p-p---ca-,OBJ
3581,ἐκεῖνοι,ἐκεῖνος,p-p---mn-,SBJ
3582,παραμυθῶνται,παραμυθόομαι,v3ppim---,PRED
3583,πέμποντες,πέμπω,v-pppamn-,ADV
3584,",",",",u--------,AuxX
3585,ἀλλ’,ἀλλά,c--------,AuxY
3586,ὑμεῖς,σύ,p-p---cn-,SBJ
3587,ἐκείνους,ἐκεῖνος,p-p---ma-,OBJ
3588,",",",",u--------,AuxX
3589,τὸ,ὁ,l-s---na-,ATR
3590,πάτριον,πάτριος,a-s---na-,ATR
3591,τοῖς,ὁ,l-p---md-,ATR
3592,Δωριεῦσι,Δωριεύς,n-p---md-,OBJ
3593,σώζοντες,σῴζω,v-pppamn-,ADV
3594,φρόνημα,φρόνημα,n-s---na-,OBJ
3595,",",",",u--------,AuxX
3596,ὃ,ὅς,p-s---nn-,SBJ
3597,νῦν,νῦν,d--------,ADV
3598,ἐν,ἐν,r--------,AuxP
3599,ὑμῖν,σύ,p-p---cd-,ADV
3600,μόνοις,μόνος,a-p---md-,ATR
3601,ἢ,ἤ,c--------,AuxY
3602,μάλιστά,μάλα,d-------s,ADV
3603,γε,γε,g--------,AuxZ
3604,ἐδείκνυτο,δείκνυμι,v3siim---,ATR
3605,τῶν,ὁ,l-p---mg-,ATR
3606,Ἑλλήνων,Ἕλλην,n-p---mg-,OBJ
3607,.,.,u--------,AuxK
3608,E,E,z--------,UNLINKED
3609,καὶ,καί,c--------,AuxY
3610,ἔγωγε,ἐγώ,p-s---cn-,SBJ
3611,εἰ,εἰ,c--------,AuxC
3612,μὴ,μή,d--------,AuxZ
3613,λίαν,λίαν,d--------,ADV
3614,παράδοξα,παράδοξος,a-p---na-,OBJ
3615,ἐρεῖν,λέγω,v--fna---,OBJ
3616,ἔμελλον,μέλλω,v1siia---,ADV
3617,",",",",u--------,AuxX
3618,ὑμᾶς,σύ,p-p---ca-,SBJ
3619,ἂν,ἄν,g--------,AuxY
3620,πρέσβεις,πρέσβυς,a-p---ma-,SBJ
3621,ἐκέλευσα,κελεύω,v1saia---,PRED
3622,πέμπειν,πέμπω,v--pna---,OBJ
3623,πανταχοῖ,πανταχοῖ,d--------,ADV
3624,τῆς,ὁ,l-s---fg-,ATR
3625,Ἑλλάδος,Ἑλλάς,n-s---fg-,ADV
3626,",",",",u--------,AuxX
3627,τοὺς,ὁ,l-p---ma-,ATR
3628,παραμυθησομένους,παραμυθέομαι,v-pfpmma-,ATR_CO
3629,ἑκάστους,ἕκαστος,p-p---ma-,OBJ
3630,καὶ,καί,c--------,COORD
3631,κελεύσοντας,κελεύω,v-pfpama-,ATR_CO
3632,μὴ,μή,d--------,AuxZ
3633,κατοικτείρειν,κατοικτείρω,v--pna---,OBJ
3634,ὑμᾶς,σύ,p-p---ca-,OBJ
3635,",",",",u--------,AuxX
3636,ὡς,ὡς,c--------,AuxZ
3637,οὐ,οὐ,d--------,AuxZ
3638,πάτριον,πάτριος,a-s---na-,PNOM
3639,ὂν,εἰμί,v-sppana-,ADV
3640,τῇ,ὁ,l-s---fd-,ATR
3641,Ῥόδῳ,Ῥόδος,n-s---fd-,ADV_CO
3642,καὶ,καί,c--------,COORD
3643,ὑμῖν,σύ,p-p---cd-,ADV_CO
3644,Ῥοδίοις,Ῥόδιος,n-p---md-,PNOM
3645,οὖσι,εἰμί,v-pppamd-,ATR
3646,θρηνεῖσθαι,θρηνέω,v--pnm---,SBJ
3647,μᾶλλον,μάλα,d-------c,ADV
3648,ἢ,ἤ,c--------,AuxC
3649,ζηλοῦσθαι,ζηλόω,v--pnm---,ADV
3650,·,·,u--------,AuxK
3651,E,E,z--------,ADV
3652,καὶ,καί,c--------,AuxY
3653,τῶν,ὁ,l-p---mg-,ATR
3654,περιιόντων,περιέρχομαι,v-pppamg-,ATR_CO
3655,τούτων,οὗτος,p-p---mg-,ATR
3656,πρέσβεων,πρέσβυς,a-p---mg-,ADV
3657,καὶ,καί,c--------,COORD
3658,αἰτούντων,αἰτέω,v-pppamg-,ATR_CO
3659,ἑτέρους,ἕτερος,p-p---ma-,OBJ
3660,ἕτερα,ἕτερος,p-p---na-,ATR
3661,οὐδὲν,οὐδείς,p-s---na-,ADV
3662,ἀτιμοτέρα,ἄτιμος,a-s---fnc,PNOM
3663,τῇ,ὁ,l-s---fd-,ATR
3664,πόλει,πόλις,n-s---fd-,ADV
3665,κατ’,κατά,r--------,AuxP
3666,ἐμὴν,ἐμός,a-s---fa-,ATR
3667,δόξαν,δόξα,n-s---fa-,ADV
3668,αὕτη,οὗτος,p-s---fn-,SBJ
3669,ἦν,εἰμί,v3siia---,PRED
3670,ἡ,ὁ,l-s---fn-,ATR
3671,πρεσβεία,πρεσβεία,n-s---fn-,SBJ
3672,.,.,u--------,AuxK
3673,ἀναγκαῖα,ἀναγκαῖος,a-p---na-,OBJ_CO
3674,μὲν,μέν,g--------,AuxY
3675,γὰρ,γάρ,g--------,AuxY
3676,καὶ,καί,c--------,AuxZ
3677,ταῦτα,οὗτος,p-p---nn-,SBJ
3678,οἶμαι,οἴομαι,v1spim---,PRED
3679,καὶ,καί,c--------,COORD
3680,χρείαν,χρεία,n-s---fa-,OBJ
3681,ἔχοντα,ἔχω,v-pppana-,OBJ_CO
3682,—,—,u--------,AuxG
3683,τίς,τίς,p-s---cn-,SBJ
3684,δ’,δέ,c--------,AuxY
3685,ἂν,ἄν,g--------,AuxY
3686,ἐπιτιμήσειε,ἐπιτιμάω,v3saoa---,ExD
3687,;,;,u--------,AuxK
3688,—,—,u--------,AuxG
3689,πέμπειν,πέμπω,v--pna---,PRED
3690,ἑτέρους,ἕτερος,p-p---ma-,OBJ
3691,ἑτέρωσε,ἑτέρωσε,d--------,ADV
3692,ἐπαγγέλλειν,ἐπαγγέλλω,v--pna---,OBJ
3693,",",",",u--------,AuxX
3694,ὥσπερ,ὥσπερ,c--------,AuxC
3695,πολίταις,πολίτης,n-p---md-,OBJ
3696,ἅπασι,ἅπας,p-p---md-,ATR
3697,τοῖς,ὁ,l-p---md-,ATR
3698,Ἕλλησιν,Ἕλλην,n-p---md-,ATR
3699,εἰσφορὰς,εἰσφορά,n-p---fa-,OBJ
3700,κοινὰς,κοινός,a-p---fa-,ATR
3701,ἐπιτάττοντας,ἐπιτάσσω,v-pppama-,ADV
3702,·,·,u--------,AuxK
3703,E,E,z--------,ADV
3704,καί,καί,c--------,AuxY
3705,μοι,ἐγώ,p-s---cd-,OBJ
3706,ταῦτα,οὗτος,p-p---nn-,SBJ
3707,συνδοκεῖ,συνδοκέω,v3spia---,PRED
3708,.,.,u--------,AuxK
3709,οὐ,οὐ,d--------,AuxZ
3710,μὴν,μήν,g--------,AuxZ
3711,ἀλλὰ,ἀλλά,c--------,AuxY
3712,καὶ,καί,c--------,AuxZ
3713,εἰς,εἰς,r--------,AuxP
3714,αὐτὰ,αὐτός,p-p---na-,ATR
3715,ταῦτα,οὗτος,p-p---na-,ADV
3716,τὸ,ὁ,l-s---nn-,ATR
3717,σχῆμα,σχῆμα,n-s---nn-,SBJ
3718,ἐκεῖνο,ἐκεῖνος,p-s---nn-,ATR
3719,συντελοῦν,συντελέω,v-sppann-,PNOM
3720,ἦν,εἰμί,v3siia---,PRED
3721,.,.,u--------,AuxK
3722,τίς,τίς,p-s---cn-,SBJ
3723,γὰρ,γάρ,g--------,AuxY
3724,οὐκ,οὐ,d--------,AuxZ
3725,ἂν,ἄν,g--------,AuxY
3726,ἐθαύμασε,θαυμάζω,v3saia---,PRED
3727,;,;,u--------,AuxK
3728,τίς,τίς,p-s---cn-,SBJ
3729,δ’,δέ,c--------,AuxY
3730,οὐκ,οὐ,d--------,AuxZ
3731,ἂν,ἄν,g--------,AuxY
3732,ἐπήρκεσε,ἐπαρκέω,v3saia---,PRED
3733,;,;,u--------,AuxK
3734,τίς,τίς,p-s---cn-,SBJ
3735,δ’,δέ,c--------,AuxY
3736,οὐκ,οὐ,d--------,AuxZ
3737,ἂν,ἄν,g--------,AuxY
3738,αὐτὸς,αὐτός,p-s---mn-,ADV
3739,αὑτῷ,ἑαυτοῦ,p-s---md-,OBJ
3740,χαρίζεσθαι,χαρίζω,v--pnm---,OBJ
3741,μᾶλλον,μάλα,d-------c,ADV
3742,ἢ,ἤ,c--------,AuxC
3743,ὑμῖν,σύ,p-p---cd-,OBJ
3744,εἶναι,εἰμί,v--pna---,OBJ
3745,τὸ,ὁ,l-s---na-,ATR
3746,τοιοῦτον,τοιοῦτος,p-s---na-,SBJ
3747,ἐνόμισεν,νομίζω,v3saia---,PRED
3748,;,;,u--------,AuxK
3749,E,E,z--------,ADV
3750,ἀλλ’,ἀλλά,c--------,AuxY
3751,εἰ,εἰ,c--------,AuxC
3752,μὴ,μή,d--------,AuxZ
3753,περιπέμπειν,περιπέμπω,v--pna---,SBJ
3754,ταύτην,οὗτος,p-s---fa-,ATR
3755,τὴν,ὁ,l-s---fa-,ATR
3756,πρεσβείαν,πρεσβεία,n-s---fa-,OBJ
3757,ἔνεστι,ἔνειμι,v3spia---,ADV_CO
3758,μη,μή,d--------,AuxZ
3759,-δ’,δέ,c--------,COORD
3760,ἐγχωρεῖ,ἐγχωρέω,v3spia---,ADV_CO
3761,",",",",u--------,AuxX
3762,πρὸς,πρός,r--------,AuxP
3763,ὑμᾶς,σύ,p-p---ca-,OBJ
3764,αὐτοὺς,αὐτός,p-p---ma-,ATR
3765,χρὴ,χρή,v3spia---,PRED
3766,ταῦτα,οὗτος,p-p---na-,OBJ
3767,διαπρεσβεύσασθαι,διαπρεσβεύομαι,v--anm---,SBJ
3768,",",",",u--------,AuxX
3769,ἵνα,ἵνα,c--------,AuxC
3770,καὶ,καί,c--------,AuxZ
3771,τὸ,ὁ,l-s---na-,ATR
3772,τρίτον,τρίτος,a-s---na-,ADV
3773,ἀποδῶτε,ἀποδίδωμι,v2pasa---,ADV_CO
3774,οἷς,ὅς,p-p---nd-,OBJ
3775,ἀρτίως,ἄρτιος,d--------,ADV
3776,εἶπον,λέγω,v1saia---,ATR
3777,δυοῖν,δύο,m--------,OBJ
3778,",",",",u--------,AuxX
3779,καὶ,καί,c--------,COORD
3780,μὴ,μή,d--------,AuxZ
3781,οὗ,ὅς,p-s---ng-,OBJ
3782,μάλιστα,μάλα,d-------s,ADV
3783,δεῖ,δέω,v3spia---,OBJ
3784,μόνον,μόνος,d--------,ADV
3785,ἐλλίπητε,ἐλλείπω,v2pasa---,ADV_CO
3786,.,.,u--------,AuxK
3787,μέγιστοι,μέγας,a-p---mns,ADV
3788,τῶν,ὁ,l-p---mg-,ATR
3789,Ἑλλήνων,Ἕλλην,n-p---mg-,ATR
3790,μέγιστα,μέγας,a-p---nas,ADV
3791,ἐπλήγητε,πλήσσω,v2paip---,PRED
3792,·,·,u--------,AuxK
3793,ἄριστα,ἀγαθός,a-p---nas,ADV
3794,ἐνεγκεῖν,φέρω,v--ana---,SBJ
3795,ταῦτα,οὗτος,p-p---na-,OBJ
3796,δεῖ,δέω,v3spia---,PRED
3797,",",",",u--------,AuxX
3798,ἵνα,ἵνα,c--------,AuxC
3799,πανταχοῦ,πανταχοῦ,d--------,ADV
3800,τῶν,ὁ,l-p---ng-,ATR
3801,μεγίστων,μέγας,a-p---ngs,ADV
3802,τετυχηκυῖα,τυγχάνω,v-srpafn-,PNOM
3803,ἡ,ὁ,l-s---fn-,ATR
3804,πόλις,πόλις,n-s---fn-,SBJ
3805,φαίνηται,φαίνω,v3spsm---,ADV_CO
3806,καὶ,καί,c--------,COORD
3807,ἐξ,ἐκ,r--------,AuxP
3808,ἀρχῆς,ἀρχή,n-s---fg-,ADV
3809,εἰς,εἰς,r--------,AuxP
3810,τέλος,τέλος,n-s---na-,ADV
3811,παραπλησίως,παραπλήσιος,d--------,ADV
3812,ᾖ,εἰμί,v3spsa---,ADV_CO
3813,πράττουσα,πράσσω,v-sppafn-,PNOM
3814,",",",",u--------,AuxX
3815,καὶ,καί,c--------,AuxY
3816,δύο,δύο,m--------,SBJ
3817,τοῖς,ὁ,l-p---md-,ATR
3818,ἄκροις,ἄκρος,a-p---md-,OBJ
3819,προσήκουσιν,προσήκω,v-pppamd-,ATR
3820,ὑμῖν,σύ,p-p---cd-,OBJ
3821,ἓν,εἷς,m-s---nn-,ATR
3822,τὸ,ὁ,l-s---nn-,ATR
3823,μέσον,μέσος,a-s---nn-,SBJ
3824,συγκαταληφθῇ,συγκαταλαμβάνω,v3sasp---,ADV_CO
3825,καὶ,καί,c--------,COORD
3826,τὰ,ὁ,l-p---nn-,ATR
3827,νῦν,νῦν,d--------,ADV
3828,δοκοῦντα,δοκέω,v-pppann-,SBJ
3829,εἶναι,εἰμί,v--pna---,OBJ
3830,δεινὰ,δεινός,a-p---nn-,PNOM_CO
3831,καὶ,καί,c--------,COORD
3832,ἀνήκεστα,ἀνήκεστος,a-p---nn-,PNOM_CO
3833,",",",",u--------,AuxX
3834,ὑπὲρ,ὑπέρ,r--------,AuxP
3835,ὑμῶν,σύ,p-p---cg-,ADV
3836,γένηται,γίγνομαι,v3sasm---,ADV_CO
3837,.,.,u--------,AuxK
3838,ὅσῳ,ὅσος,p-s---nd-,ADV
3839,γὰρ,γάρ,g--------,AuxY
3840,ἂν,ἄν,g--------,AuxY
3841,κρείττους,κρατύς,a-p---mnc,PNOM
3842,αὐτῶν,αὐτός,p-p---mg-,ADV
3843,φανῆτε,φαίνω,v2pasp---,ATR
3844,",",",",u--------,AuxX
3845,τοσούτῳ,τοσοῦτος,p-s---nd-,ADV
3846,πλέον,πολύς,a-s---nac,ADV
3847,εὐδοκιμήσετε,εὐδοκιμέω,v2pfia---,PRED
3848,.,.,u--------,AuxK
3849,φασὶ,φημί,v3ppia---,PRED
3850,δὲ,δέ,c--------,AuxY
3851,καὶ,καί,c--------,AuxZ
3852,οἱ,ὁ,l-p---mn-,ATR
3853,ποιηταὶ,ποιητής,n-p---mn-,SBJ
3854,περὶ,περί,r--------,AuxP
3855,τῶν,ὁ,l-p---mg-,ATR
3856,ἡρώων,ἥρως,n-p---mg-,ADV
3857,ὡς,ὡς,c--------,AuxC
3858,ἄρα,ἄρα,g--------,AuxY
3859,οἷς,ὅς,p-p---md-,OBJ
3860,μὲν,μέν,g--------,AuxY
3861,αὐτῶν,αὐτός,p-p---mg-,ATR
3862,ἀνέμιξε,ἀναμίσγω,v3saia---,ADV
3863,τὸν,ὁ,l-s---ma-,ATR
3864,βίον,βίος,n-s---ma-,OBJ
3865,ὁ,ὁ,l-s---mn-,ATR
3866,θεὸς,θεός,n-s---mn-,SBJ
3867,",",",",u--------,AuxX
3868,ἀγαθῶν,ἀγαθός,a-p---ng-,ATR_CO
3869,καὶ,καί,c--------,COORD
3870,κακῶν,κακός,a-p---ng-,ATR_CO
3871,μοῖραν,μοῖρα,n-s---fa-,OBJ
3872,ἐναλλάξας,ἐναλλάσσω,v-sapamn-,ADV
3873,",",",",u--------,AuxX
3874,τούτοις,οὗτος,p-p---md-,PNOM
3875,μὲν,μέν,g--------,AuxY
3876,εὐκλήροις,εὔκληρος,a-p---md-,PNOM
3877,ἀπέδωκεν,ἀποδίδωμι,v3saia---,OBJ_CO
3878,εἶναι,εἰμί,v--pna---,OBJ
3879,",",",",u--------,AuxX
3880,οἷς,ὅς,p-p---md-,OBJ
3881,δ’,δέ,c--------,COORD
3882,ἂν,ἄν,g--------,AuxY
3883,τὴν,ὁ,l-s---fa-,OBJ
3884,τῶν,ὁ,l-p---ng-,ATR
3885,κακῶν,κακός,a-p---ng-,ATR
3886,καθάπαξ,καθάπαξ,d--------,ADV
3887,δῷ,δίδωμι,v3sasa---,SBJ
3888,",",",",u--------,AuxX
3889,τελέως,τέλειος,d--------,ADV
3890,ἀπέκναισεν,ἀποκναίω,v3saia---,OBJ_CO
3891,.,.,u--------,AuxK
3892,ὡς,ὡς,c--------,AuxC
3893,τήν,ὁ,l-s---fa-,ATR
3894,γε,γε,g--------,AuxZ
3895,τῶν,ὁ,l-p---ng-,ATR
3896,ἀγαθῶν,ἀγαθός,a-p---ng-,ATR
3897,διηνεκῆ,διηνεκής,a-s---fa-,ATR
3898,διὰ,διά,r--------,AuxP
3899,τέλους,τέλος,n-s---ng-,ADV
3900,κτῆσιν,κτῆσις,n-s---fa-,SBJ
3901,οὐκ,οὐ,d--------,AuxZ
3902,οὖσαν,εἰμί,v-sppafa-,ADV_CO
3903,ἀνθρώποις,ἄνθρωπος,n-p---md-,ADV
3904,",",",",u--------,AuxX
3905,ἀλλ’,ἀλλά,c--------,COORD
3906,ὄντας,εἰμί,v-pppama-,ADV_CO
3907,διπλοῦς,διπλόος,a-p---ma-,PNOM
3908,τοὺς,ὁ,l-p---ma-,ATR
3909,βίους,βίος,n-p---ma-,SBJ
3910,τῶν,ὁ,l-p---mg-,ATR
3911,ἀνθρώπων,ἄνθρωπος,n-p---mg-,ATR
3912,",",",",u--------,AuxX
3913,τοὺς,ὁ,l-p---ma-,SBJ_CO
3914,μὲν,μέν,g--------,AuxY
3915,ὅλως,ὅλος,d--------,ADV
3916,ἐν,ἐν,r--------,AuxP
3917,κακοῖς,κακός,a-p---nd-,ADV
3918,",",",",u--------,AuxX
3919,τοὺς,ὁ,l-p---ma-,SBJ_CO
3920,δ’,δέ,c--------,COORD
3921,ἀναμίξ,ἀναμίξ,d--------,ATR
3922,.,.,u--------,AuxK
3923,E,E,z--------,PRED
3924,ὑμᾶς,σύ,p-p---ca-,OBJ
3925,τοίνυν,τοίνυν,g--------,AuxY
3926,τῆς,ὁ,l-s---fg-,ATR
3927,τῶν,ὁ,l-p---ng-,ATR
3928,ἀγαθῶν,ἀγαθός,a-p---ng-,ATR
3929,μοίρας,μοῖρα,n-s---fg-,ATR
3930,πρῶτον,πρῶτος,a-s---na-,ADV
3931,ἠξίωσε,ἀξιόω,v3saia---,PRED
3932,καὶ,καί,c--------,AuxY
3933,ἐπὶ,ἐπί,r--------,AuxP
3934,πλεῖστον,πολύς,a-s---nas,ADV
3935,.,.,u--------,AuxK
3936,τοῦτο,οὗτος,p-s---nn-,SBJ
3937,γὰρ,γάρ,g--------,AuxY
3938,δὴ,δή,g--------,AuxY
3939,καὶ,καί,c--------,AuxZ
3940,μέγιστον,μέγας,a-s---nns,PNOM
3941,ὑμῖν,σύ,p-p---cd-,ADV
3942,εἰς,εἰς,r--------,AuxP
3943,παραμυθίαν,παραμυθία,n-s---fa-,ADV
3944,ἔστω,εἰμί,v3spma---,PRED
3945,",",",",u--------,AuxX
3946,ὅτι,ὅτι,c--------,AuxC
3947,οἷς,ὅς,p-p---md-,OBJ
3948,μὲν,μέν,g--------,AuxY
3949,ἐπρωτεύετε,πρωτεύω,v2piia---,OBJ
3950,εἰς,εἰς,r--------,AuxP
3951,πολὺν,πολύς,a-s---ma-,ATR
3952,ἀντέσχε,ἀντέχω,v3saia---,ADV_CO
3953,χρόνον,χρόνος,n-s---ma-,ADV
3954,",",",",u--------,AuxX
3955,καὶ,καί,c--------,AuxY
3956,καθ’,κατά,r--------,AuxP
3957,ἡμέραν,ἡμέρα,n-s---fa-,ADV
3958,ἑκάστην,ἕκαστος,p-s---fa-,ATR
3959,ἔπραττεν,πράσσω,v3siia---,ADV_CO
3960,ἡ,ὁ,l-s---fn-,ATR
3961,πόλις,πόλις,n-s---fn-,SBJ
3962,ἀξίως,ἄξιος,d--------,ADV
3963,αὑτῆς,ἑαυτοῦ,p-s---fg-,ADV
3964,",",",",u--------,AuxX
3965,τὸ,ὁ,l-s---nn-,ATR
3966,δ’,δέ,c--------,AuxY
3967,ἀτύχημα,ἀτύχημα,n-s---nn-,SBJ
3968,μιᾶς,εἷς,m-s---fg-,ATR
3969,ἡμέρας,ἡμέρα,n-s---fg-,ATR
3970,",",",",u--------,AuxX
3971,οὐχ,οὐ,d--------,AuxZ
3972,ὅλης,ὅλος,a-s---fg-,ATR
3973,δὲ,δέ,c--------,COORD
3974,ὥρας,ὥρα,n-s---fg-,ADV
3975,",",",",u--------,AuxX
3976,ἐὰν,ἐάν,c--------,AuxC
3977,ὑμεῖς,σύ,p-p---cn-,SBJ
3978,εὖ,εὖ,d--------,ADV
3979,φρονήσητε,φρονέω,v2pasa---,ADV
3980,",",",",u--------,AuxX
3981,ἐγένετο,γίγνομαι,v3saim---,ADV_CO
3982,.,.,u--------,AuxK
3983,E,E,z--------,UNLINKED
3984,μὴ,μή,d--------,AuxZ
3985,τοίνυν,τοίνυν,g--------,AuxY
3986,ὑμεῖς,σύ,p-p---cn-,SBJ
3987,αὐτὸ,αὐτός,p-s---na-,OBJ
3988,παντὸς,πᾶς,p-s---mg-,ATR
3989,τοῦ,ὁ,l-s---mg-,ATR
3990,χρόνου,χρόνος,n-s---mg-,OBJ
3991,ποιήσητε,ποιέω,v2pasa---,PRED_CO
3992,",",",",u--------,AuxX
3993,μη,μή,d--------,AuxZ
3994,-δ’,δέ,c--------,COORD
3995,εἰς,εἰς,r--------,AuxP
3996,πλέον,πολύς,a-s---nac,ADV
3997,ἐκτείνητε,ἐκτείνω,v2ppsa---,PRED_CO
3998,τὸν,ὁ,l-s---ma-,ATR
3999,σεισμὸν,σεισμός,n-s---ma-,OBJ
4000,ἢ,ἤ,c--------,AuxC
4001,ἐν,ἐν,r--------,AuxP
4002,ὅσῳ,ὅσος,p-s---nd-,ADV
4003,τότε,τότε,d--------,ADV
4004,ἐπαύσατο,παύω,v3saim---,ADV
4005,.,.,u--------,AuxK
4006,E,E,z--------,ADV
4007,καὶ,καί,c--------,AuxY
4008,γὰρ,γάρ,g--------,AuxY
4009,ἄτοπον,ἄτοπος,a-s---nn-,PNOM
4010,μέμφεσθαι,μέμφομαι,v--pnm---,SBJ_CO
4011,μὲν,μέν,g--------,AuxY
4012,τῇ,ὁ,l-s---fd-,ATR
4013,τύχῃ,τύχη,n-s---fd-,OBJ
4014,καὶ,καί,c--------,COORD
4015,δυσχεραίνειν,δυσχεραίνω,v--pna---,SBJ_CO
4016,τὰ,ὁ,l-p---na-,ATR
4017,συμβεβηκότα,συμβαίνω,v-prpana-,OBJ
4018,ὡς,ὡς,c--------,AuxZ
4019,ὑπερβάλλοντα,ὑπερβάλλω,v-pppana-,ADV
4020,",",",",u--------,AuxX
4021,ἃ,ὅς,p-p---na-,OBJ
4022,δὲ,δέ,c--------,AuxY
4023,ὁ,ὁ,l-s---mn-,ATR
4024,σεισμὸς,σεισμός,n-s---mn-,SBJ
4025,παρῆλθε,παρέρχομαι,v3saia---,ATR
4026,",",",",u--------,AuxX
4027,ταῦτα,οὗτος,p-p---na-,OBJ
4028,αὐτοὺς,αὐτός,p-p---ma-,OBJ
4029,προσθεῖναι,προστίθημι,v--ana---,SBJ
4030,.,.,u--------,AuxK
4031,E,E,z--------,PRED
4032,τίνων,τίς,p-p---cg-,ATR
4033,οὖν,οὖν,g--------,AuxY
4034,κύριος,κύριος,n-s---mn-,PNOM
4035,ἦν,εἰμί,v3siia---,PRED
4036,ὁ,ὁ,l-s---mn-,ATR
4037,σεισμός,σεισμός,n-s---mn-,SBJ
4038,;,;,u--------,AuxK
4039,καὶ,καί,c--------,AuxY
4040,τίνος,τίς,p-s---cg-,PNOM
4041,ἐστὲ,εἰμί,v2ppia---,PRED
4042,νῦν,νῦν,d--------,ADV
4043,ὑμεῖς,σύ,p-p---cn-,SBJ
4044,;,;,u--------,AuxK
4045,ὁ,ὁ,l-s---mn-,SBJ
4046,μὲν,μέν,g--------,AuxY
4047,τῶν,ὁ,l-p---fg-,ATR
4048,οἰκιῶν,οἰκία,n-p---fg-,OBJ_CO
4049,καὶ,καί,c--------,AuxY
4050,τῶν,ὁ,l-p---ng-,ATR
4051,τειχῶν,τεῖχος,n-p---ng-,OBJ_CO
4052,καὶ,καί,c--------,COORD
4053,τῶν,ὁ,l-p---ng-,ATR
4054,σωμάτων,σῶμα,n-p---ng-,OBJ_CO
4055,καταρρῖψαι,καταρρίπτω,v--ana---,SBJ_CO
4056,καὶ,καί,c--------,COORD
4057,διαφθεῖραι,διαφθείρω,v--ana---,SBJ_CO
4058,",",",",u--------,AuxX
4059,ὑμεῖς,σύ,p-p---cn-,SBJ
4060,δὲ,δέ,c--------,AuxY
4061,τοῦ,ὁ,l-s---ng-,ATR
4062,λογισμὸν,λογισμός,n-s---ma-,OBJ
4063,τοῖς,ὁ,l-p---nd-,ATR
4064,συμβεβηκόσιν,συμβαίνω,v-prpand-,OBJ
4065,ἀντιθεῖναι,ἀντιτίθημι,v--ana---,CO
4066,.,.,u--------,AuxK
4067,E,E,z--------,PRED
4068,μὴ,μή,d--------,AuxZ
4069,τοίνυν,τοίνυν,g--------,AuxY
4070,ἀνάσχησθε,ἀνέχω,v2pasm---,PRED
4071,τοῦτο,οὗτος,p-s---na-,OBJ
4072,ὑμῶν,σύ,p-p---cg-,OBJ
4073,ἐξελθεῖν,ἐξέρχομαι,v--ana---,OBJ_CO
4074,μη,μή,d--------,AuxZ
4075,-δὲ,δέ,c--------,COORD
4076,συμπεσοῦσαν,συμπίπτω,v-sapafa-,OBJ_CO
4077,τοῖς,ὁ,l-p---md-,ATR
4078,ἄλλοις,ἄλλος,p-p---md-,OBJ
4079,καὶ,καί,c--------,AuxY
4080,τὴν,ὁ,l-s---fa-,ATR
4081,γνώμην,γνώμη,n-s---fa-,OBJ
4082,",",",",u--------,AuxX
4083,ἵν’,ἵνα,c--------,AuxC
4084,ὅνπερ,ὅς,p-s---ma-,ATR
4085,τρόπον,τρόπος,n-s---ma-,ADV
4086,πρότερον,πρότερος,d-------c,ADV
4087,οἱ,ὁ,l-p---mn-,ATR
4088,ναῦται,ναύτης,n-p---mn-,SBJ
4089,καταίροντες,καταίρω,v-pppamn-,ADV_CO
4090,καὶ,καί,c--------,COORD
4091,ἀναγόμενοι,ἀνάγω,v-pppmmn-,ADV_CO
4092,ὡς,ὡς,c--------,AuxZ
4093,ἐκ,ἐκ,r--------,AuxP
4094,πλείστου,πολύς,a-s---ngs,ADV_CO
4095,καὶ,καί,c--------,COORD
4096,ἐπὶ,ἐπί,r--------,AuxP
4097,πλεῖστον,πολύς,a-s---nas,ADV_CO
4098,τὴν,ὁ,l-s---fa-,ATR
4099,πόλιν,πόλις,n-s---fa-,OBJ_CO
4100,καὶ,καί,c--------,COORD
4101,τὸν,ὁ,l-s---ma-,ATR
4102,τῶν,ὁ,l-p---ng-,ATR
4103,τειχῶν,τεῖχος,n-p---ng-,ATR
4104,κύκλον,κύκλος,n-s---ma-,OBJ_CO
4105,ἑώρων,ὁράω,v3piia---,ADV
4106,",",",",u--------,AuxX
4107,τοῦτον,οὗτος,p-s---ma-,OBJ
4108,νῦν,νῦν,d--------,ADV
4109,οἱ,ὁ,l-p---mn-,ATR
4110,ταῦτα,οὗτος,p-p---na-,OBJ
4111,δυνάμενοι,δύναμαι,v-pppmmn-,SBJ
4112,βλέπωσιν,βλέπω,v3ppsa---,ADV_CO
4113,ἑστηκὸς,ἵστημι,v-srpana-,OBJ
4114,τῇ,ὁ,l-s---fd-,ATR
4115,πόλει,πόλις,n-s---fd-,OBJ
4116,τὸ,ὁ,l-s---na-,ATR
4117,φρόνημα,φρόνημα,n-s---na-,OBJ
4118,καὶ,καί,c--------,COORD
4119,ἴδωσιν,ὁράω,v3pasa---,ADV_CO
4120,ὅτι,ὅτι,c--------,AuxC
4121,τοῦτο,οὗτος,p-s---nn-,ATR
4122,οὔ,οὐ,d--------,AuxZ
4123,-τε,τε,c--------,AuxY
4124,σεισμὸς,σεισμός,n-s---mn-,SBJ_CO
4125,οὔ,οὐ,d--------,AuxZ
4126,-τ’,τε,c--------,AuxY
4127,ἐμπρησμὸς,ἐμπρησμός,n-s---mn-,SBJ_CO
4128,οὔ,οὐ,d--------,AuxZ
4129,-τε,τε,c--------,COORD
4130,χρημάτων,χρῆμα,n-p---ng-,ATR
4131,στέρησις,στέρησις,n-s---fn-,SBJ_CO
4132,",",",",u--------,AuxX
4133,οὐκ,οὐ,d--------,AuxZ
4134,ἀφαίρεσις,ἀφαίρεσις,n-s---fn-,SBJ_CO
4135,οἰκιῶν,οἰκία,n-p---fg-,ATR
4136,",",",",u--------,AuxX
4137,οὐκ,οὐ,d--------,AuxZ
4138,ἄλλο,ἄλλος,p-s---na-,ATR
4139,οὐδὲν,οὐδείς,p-s---na-,OBJ
4140,οὔ,οὐ,d--------,AuxZ
4141,-τε,τε,c--------,AuxY
4142,καθῄρηκεν,καθαιρέω,v3sria---,OBJ_CO
4143,οὔ,οὐ,d--------,AuxZ
4144,-τε,τε,c--------,COORD
4145,μὴ,μή,d--------,AuxZ
4146,καθέλῃ,καθαιρέω,v3sasa---,OBJ_CO
4147,ποτὲ,ποτέ,d--------,ADV
4148,",",",",u--------,AuxX
4149,οὔ,οὐ,d--------,AuxZ
4150,-τε,τε,c--------,AuxY
4151,σεσύληκεν,συλάω,v3sria---,PRED_CO
4152,οὔ,οὐ,d--------,AuxZ
4153,-τε,τε,c--------,COORD
4154,μὴ,μή,d--------,AuxZ
4155,συλήσῃ,συλάω,v3sasa---,PRED_CO
4156,ποτέ,ποτέ,d--------,ADV
4157,.,.,u--------,AuxK
4158,ἂν,ἐάν,c--------,AuxC
4159,τοῦτο,οὗτος,p-s---nn-,SBJ
4160,ἑστηκὸς,ἵστημι,v-srpann-,PNOM
4161,ᾖ,εἰμί,v3spsa---,ADV
4162,",",",",u--------,AuxX
4163,Ῥόδος,Ῥόδος,n-s---fn-,SBJ
4164,ἕστηκε,ἵστημι,v3sria---,PRED
4165,τοῖς,ὁ,l-p---md-,ATR
4166,ὀρθῶς,ὀρθός,d--------,ADV
4167,ὁρῶσιν,ὁράω,v-pppamd-,OBJ
4168,",",",",u--------,AuxX
4169,ἐπεὶ,ἐπεί,c--------,AuxC
4170,καὶ,καί,c--------,AuxY
4171,αὐτὰ,αὐτός,p-p---na-,ATR
4172,τὰ,ὁ,l-p---na-,ATR
4173,τείχη,τεῖχος,n-p---na-,OBJ_CO
4174,καὶ,καί,c--------,AuxY
4175,τὰ,ὁ,l-p---na-,ATR
4176,νεώρια,νεώριον,n-p---na-,OBJ_CO
4177,καὶ,καί,c--------,COORD
4178,τοὺς,ὁ,l-p---ma-,ATR
4179,ἄλλους,ἄλλος,p-p---ma-,ATR
4180,κόσμους,κόσμος,n-p---ma-,OBJ_CO
4181,τοὺς,ὁ,l-p---ma-,ATR
4182,μετὰ,μετά,r--------,AuxP
4183,τούτων,οὗτος,p-p---mg-,ATR
4184,φρόνημα,φρόνημα,n-s---na-,OBJ
4185,ἄνδρες,ἀνήρ,n-p---mn-,SBJ
4186,ἔχοντες,ἔχω,v-pppamn-,ADV
4187,ἐκτήσαντο,κτάομαι,v3paim---,ADV_CO
4188,καὶ,καί,c--------,AuxY
4189,λογισμοὺς,λογισμός,n-p---ma-,OBJ
4190,οἵους,οἷος,p-p---ma-,ATR
4191,χρὴ,χρή,v3spia---,ATR
4192,περὶ,περί,r--------,AuxP
4193,πραγμάτων,πρᾶγμα,n-p---ng-,ADV
4194,",",",",u--------,AuxX
4195,καὶ,καί,c--------,COORD
4196,ἦν,εἰμί,v3siia---,ADV_CO
4197,ταῦτα,οὗτος,p-p---nn-,ATR
4198,ἀναθήματα,ἀνάθημα,n-p---nn-,PNOM
4199,τῆς,ὁ,l-s---fg-,ATR
4200,ἐκείνων,ἐκεῖνος,p-p---mg-,ATR
4201,τῶν,ὁ,l-p---mg-,ATR
4202,ἀνδρῶν,ἀνήρ,n-p---mg-,ATR
4203,γνώμης,γνώμη,n-s---fg-,ATR
4204,",",",",u--------,AuxX
4205,οἳ,ὅς,p-p---mn-,SBJ
4206,ζήλου,ζῆλος,n-s---mg-,ADV
4207,καὶ,καί,c--------,AuxY
4208,τῆς,ὁ,l-s---fg-,ATR
4209,ἐπὶ,ἐπί,r--------,AuxP
4210,τοῖς,ὁ,l-p---nd-,ATR
4211,καλοῖς,καλός,a-p---nd-,ATR
4212,φιλοτιμίας,φιλοτιμία,n-s---fg-,ADV
4213,ἕνεκα,ἕνεκα,r--------,AuxP
4214,πάντας,πᾶς,p-p---ma-,ATR
4215,μὲν,μέν,g--------,AuxY
4216,πόνους,πόνος,n-p---ma-,OBJ
4217,ᾠήθησαν,οἴομαι,v3paip---,ATR
4218,",",",",u--------,AuxX
4219,πάντας,πᾶς,p-p---ma-,ATR
4220,δὲ,δέ,c--------,AuxY
4221,κινδύνους,κίνδυνος,n-p---ma-,OBJ
4222,ὑποστῆναι,ὑφίστημι,v--ana---,SBJ
4223,δεῖν,δέω,v--pna---,CO
4224,",",",",u--------,AuxX
4225,ἐξ,ἐκ,r--------,AuxP
4226,ὧν,ὅς,p-p---mg-,ADV
4227,ἔπλευσαν,πλέω,v3paia---,ATR_CO
4228,μὲν,μέν,g--------,AuxY
4229,ἅπασαν,ἅπας,p-s---fa-,ATR
4230,ὅση,ὅσος,p-s---fn-,SBJ
4231,πλόϊμος,πλώϊμος,a-s---fn-,PNOM
4232,θάλατταν,θάλασσα,n-s---fa-,OBJ
4233,",",",",u--------,AuxX
4234,ἠγωνίσαντο,ἀγωνίζομαι,v3paim---,ATR_CO
4235,δὲ,δέ,c--------,COORD
4236,καὶ,καί,c--------,AuxY
4237,καθ’,κατά,r--------,AuxP
4238,αὑτοὺς,ἑαυτοῦ,p-p---ma-,ADV_CO
4239,καὶ,καί,c--------,COORD
4240,ἐν,ἐν,r--------,AuxP
4241,συμμαχίαις,συμμαχία,n-p---fd-,ADV_CO
4242,πολλοὺς,πολύς,a-p---ma-,ATR_CO
4243,καὶ,καί,c--------,AuxY
4244,μεγάλους,μέγας,a-p---ma-,ATR_CO
4245,καὶ,καί,c--------,COORD
4246,ἐνδόξους,ἔνδοξος,a-p---ma-,ATR_CO
4247,ἀγῶνας,ἀγών,n-p---ma-,OBJ
4248,·,·,u--------,AuxK
4249,E,E,z--------,UNLINKED
4250,ὧν,ὅς,p-p---ng-,ADV
4251,ἀξίους,ἄξιος,a-p---ma-,PNOM
4252,εἶναι,εἰμί,v--pna---,SBJ
4253,δεῖ,δέω,v3spia---,PRED
4254,",",",",u--------,AuxX
4255,λογιζομένους,λογίζομαι,v-pppmma-,ADV
4256,",",",",u--------,AuxX
4257,εἰ,εἰ,c--------,AuxC
4258,καὶ,καί,c--------,AuxZ
4259,παράδοξον,παράδοξος,a-s---nn-,PNOM
4260,εἰπεῖν,λέγω,v--ana---,SBJ
4261,τὴν,ὁ,l-s---fa-,ATR
4262,πρώτην,πρῶτος,a-s---fa-,OBJ
4263,",",",",u--------,AuxX
4264,ὅτι,ὅτι,c--------,AuxC
4265,καὶ,καί,c--------,AuxZ
4266,ῥᾷον,ῥᾴδιος,a-s---nnc,PNOM
4267,ὑμῖν,σύ,p-p---cd-,ADV
4268,ἐστιν,εἰμί,v3spia---,ADV
4269,ἤπερ,ἤ,c--------,AuxC
4270,ἐκείνοις,ἐκεῖνος,p-p---md-,OBJ
4271,τότε,τότε,d--------,ADV
4272,ἔχειν,ἔχω,v--pna---,ADV
4273,ὅσα,ὅσος,p-p---na-,OBJ
4274,χρὴ,χρή,v3spia---,OBJ
4275,τελέσασθαι,τελέω,v--anm---,SBJ
4276,.,.,u--------,AuxK
4277,E,E,z--------,ADV
4278,οὐ,οὐ,d--------,AuxZ
4279,γὰρ,γάρ,g--------,AuxY
4280,ἀποστόλους,ἀπόστολος,n-p---ma-,OBJ
4281,πέμπειν,πέμπω,v--pna---,SBJ
4282,οὐ,οὐ,d--------,AuxZ
4283,-δὲ,δέ,c--------,MWE
4284,ἐξόδους,ἔξοδος,n-p---fa-,OBJ
4285,ἐξιέναι,ἐξέρχομαι,v--pna---,SBJ_CO
4286,δεῖ,δέω,v3spia---,PRED
4287,νῦν,νῦν,d--------,ADV
4288,",",",",u--------,AuxX
4289,οὐ,οὐ,d--------,AuxZ
4290,-δ’,δέ,c--------,AuxY
4291,ἐναντία,ἐναντίος,a-p---na-,ADV
4292,θεμένους,τίθημι,v-papmma-,ADV
4293,τὰ,ὁ,l-p---na-,ATR
4294,ὅπλα,ὅπλον,n-p---na-,OBJ
4295,τοῖς,ὁ,l-p---md-,ATR
4296,ἰσχύουσι,ἰσχύω,v-pppamd-,OBJ
4297,κινδυνεύειν,κινδυνεύω,v--pna---,CO
4298,",",",",u--------,AuxX
4299,οὐ,οὐ,d--------,AuxZ
4300,-δ’,δέ,c--------,COORD
4301,ἐκλείποντας,ἐκλείπω,v-pppama-,ADV
4302,τὴν,ὁ,l-s---fa-,ATR
4303,πατρίδα,πατρίς,n-s---fa-,OBJ
4304,ἄλλοτε,ἄλλοτε,d--------,ADV
4305,ἀλλαχοῖ,ἀλλαχοῖ,d--------,ADV
4306,φέρεσθαι,φέρω,v--pnm---,SBJ_CO
4307,τῆς,ὁ,l-s---fg-,ATR
4308,θαλάττης,θάλασσα,n-s---fg-,OBJ
4309,",",",",u--------,AuxX
4310,χειμῶσι,χειμών,n-p---md-,ADV_CO
4311,καὶ,καί,c--------,COORD
4312,ἐχθροῖς,ἐχθρός,a-p---md-,ADV_CO
4313,τοῖς,ὁ,l-p---md-,ATR
4314,μὲν,μέν,g--------,AuxY
4315,οὖσι,εἰμί,v-pppamd-,ADV_CO
4316,",",",",u--------,AuxX
4317,τοῖς,ὁ,l-p---md-,ATR
4318,δ’,δέ,c--------,AuxY
4319,ἐσομένοις,εἰμί,v-pfpmmd-,CO
4320,ὑποκειμένους,ὑπόκειμαι,v-pppmma-,ADV_CO
4321,",",",",u--------,AuxX
4322,ἀλλ’,ἀλλά,c--------,AuxY
4323,οἴκοι,οἴκοι,d--------,ADV
4324,μένοντας,μένω,v-pppama-,ADV_CO
4325,καὶ,καί,c--------,COORD
4326,τὴν,ὁ,l-s---fa-,ATR
4327,ὑμετέραν,ὑμέτερος,a-s---fa-,OBJ
4328,αὐτῶν,αὐτός,p-p---mg-,ATR
4329,καρπουμένους,καρπόω,v-pppmma-,ADV_CO
4330,σωφρονεῖν,σωφρονέω,v--pna---,ADV_CO
4331,.,.,u--------,AuxK
4332,οὐ,οὐ,d--------,AuxZ
4333,γὰρ,γάρ,g--------,AuxY
4334,καὶ,καί,c--------,AuxZ
4335,ἡ,ὁ,l-s---fn-,ATR
4336,νῆσος,νῆσος,n-s---fn-,SBJ
4337,ἔδυ,δύω,v3saia---,PRED
4338,κατὰ,κατά,r--------,AuxP
4339,τῆς,ὁ,l-s---fg-,ATR
4340,θαλάττης,θάλασσα,n-s---fg-,ADV
4341,",",",",u--------,AuxX
4342,ὥστε,ὥστε,c--------,AuxC
4343,μὴ,μή,d--------,AuxZ
4344,εἶναι,εἰμί,v--pna---,ADV
4345,Ῥοδίων,Ῥόδιος,a-p---mg-,PNOM
4346,τοῖς,ὁ,l-p---md-,ATR
4347,λοιποῖς,λοιπός,a-p---md-,OBJ
4348,οὗ,οὗ,d--------,ADV
4349,στῶσι,στάζω,v3pfia---,ATR
4350,.,.,u--------,AuxK
4351,τοῖς,ὁ,l-p---md-,ATR
4352,δ’,δέ,c--------,AuxY
4353,ἀβίωτον,ἀβίωτος,a-s---na-,OBJ
4354,ἡγουμένοις,ἡγέομαι,v-pppmmd-,ADV
4355,",",",",u--------,AuxX
4356,εἰ,εἰ,c--------,AuxC
4357,μὴ,μή,d--------,AuxZ
4358,ἐν,ἐν,r--------,AuxP
4359,τοσαύτῃ,τοσοῦτος,p-s---fd-,ADV
4360,καὶ,καί,c--------,AuxY
4361,τοιαύτῃ,τοιοῦτος,p-s---fd-,ATR
4362,διάξουσι,διάγω,v3pfia---,ADV
4363,τῇ,ὁ,l-s---fd-,ATR
4364,πατρίδι,πατρίς,n-s---fd-,OBJ
4365,οἵᾳ,οἷος,p-s---fd-,ADV
4366,πρόσθεν,πρόσθεν,d--------,ADV
4367,",",",",u--------,AuxX
4368,ἐκεῖνο,ἐκεῖνος,p-s---na-,OBJ
4369,λέγω,λέγω,v1spia---,SBJ_CO
4370,",",",",u--------,AuxX
4371,καὶ,καί,c--------,COORD
4372,μηδεὶς,μηδείς,p-s---mn-,SBJ
4373,τραχυνθῇ,τραχύνω,v3sasp---,SBJ_CO
4374,πρὸς,πρός,r--------,AuxP
4375,τὸν,ὁ,l-s---ma-,ATR
4376,λόγον,λόγος,n-s---ma-,OBJ
4377,",",",",u--------,AuxX
4378,ἦν,εἰμί,v3siia---,PRED
4379,χρόνος,χρόνος,n-s---mn-,SBJ
4380,ἡνίκ’,ἡνίκα,c--------,AuxC
4381,οὔπω,οὔπω,d--------,AuxZ
4382,Ῥόδος,Ῥόδος,n-s---fn-,PNOM
4383,ἦν,εἰμί,v3siia---,ADV
4384,ἡ,ὁ,l-s---fn-,ATR
4385,πόλις,πόλις,n-s---fn-,SBJ
4386,αὕτη,οὗτος,p-s---fn-,ATR
4387,",",",",u--------,AuxX
4388,ὡς,ὡς,c--------,AuxC
4389,μὲν,μέν,g--------,AuxY
4390,οἱ,ὁ,l-p---mn-,ATR
4391,ποιηταί,ποιητής,n-p---mn-,SBJ
4392,φασιν,φημί,v3ppia---,ADV_CO
4393,",",",",u--------,AuxX
4394,οὐ,οὐ,d--------,AuxZ
4395,-δὲ,δέ,c--------,MWE
4396,ἡ,ὁ,l-s---fn-,ATR
4397,νῆσος,νῆσος,n-s---fn-,SBJ
4398,αὕτη,οὗτος,p-s---fn-,ATR
4399,",",",",u--------,AuxX
4400,ἀλλ’,ἀλλά,c--------,COORD
4401,ἦν,εἰμί,v3siia---,ADV_CO
4402,ταῦτα,οὗτος,p-p---nn-,ATR
4403,θάλαττα,θάλασσα,n-s---fn-,PNOM
4404,ψιλὴ,ψιλός,a-s---fn-,ATR
4405,ποτέ,ποτέ,d--------,ADV
4406,.,.,u--------,AuxK
4407,E,E,z--------,UNLINKED
4408,E,E,z--------,UNLINKED
4409,ἀλλ’,ἀλλά,c--------,AuxY
4410,ἔγωγε,ἐγώ,p-s---cn-,SBJ
4411,οὐ,οὐ,d--------,AuxZ
4412,τοῦτο,οὗτος,p-s---na-,OBJ
4413,λέγω,λέγω,v1spia---,PRED
4414,.,.,u--------,AuxK
4415,ἀλλ’,ἀλλά,c--------,AuxY
4416,ἐπὶ,ἐπί,r--------,AuxP
4417,τῶν,ὁ,l-p---mg-,ATR
4418,πρὸ,πρό,r--------,AuxP
4419,Λυσάνδρου,Λύσανδρος,n-s---mg-,ATR
4420,δή,δή,g--------,AuxY
4421,που,που,d--------,AuxY
4422,χρόνων,χρόνος,n-p---mg-,ADV
4423,τοῦ,ὁ,l-s---mg-,ATR
4424,Λακεδαιμονίων,Λακεδαιμόνιος,a-p---mg-,ATR
4425,ναυάρχου,ναύαρχος,n-s---mg-,ATR
4426,σχεδὸν,σχεδόν,d--------,ADV
4427,πάντες,πᾶς,p-p---mn-,SBJ
4428,ἐπίστασθε,ἐπίσταμαι,v2ppim---,PRED
4429,ὅτι,ὅτι,c--------,AuxC
4430,οὔπω,οὔπω,d--------,AuxZ
4431,συνῴκιστο,συνοικίζω,v3slim---,OBJ_CO
4432,ὑμῖν,σύ,p-p---cd-,OBJ
4433,ἡ,ὁ,l-s---fn-,ATR
4434,πόλις,πόλις,n-s---fn-,SBJ
4435,",",",",u--------,AuxX
4436,ἀλλ’,ἀλλά,c--------,AuxY
4437,ἦν,εἰμί,v3siia---,OBJ_CO
4438,τῆς,ὁ,l-s---fg-,ATR
4439,νήσου,νῆσος,n-s---fg-,ATR
4440,μόνον,μόνος,d--------,ADV
4441,τὸ,ὁ,l-s---nn-,ATR
4442,ὄνομα,ὄνομα,n-s---nn-,SBJ
4443,",",",",u--------,AuxX
4444,πόλις,πόλις,n-s---fn-,SBJ
4445,δὲ,δέ,c--------,AuxY
4446,οὐκ,οὐ,d--------,AuxZ
4447,ἦν,εἰμί,v3siia---,OBJ_CO
4448,πω,πω,d--------,AuxZ
4449,Ῥόδος,Ῥόδος,n-s---fn-,SBJ
4450,οὐ,οὐ,d--------,AuxZ
4451,-δ’,δέ,c--------,AuxY
4452,ᾠκεῖτο,οἰκέω,v3siim---,OBJ_CO
4453,ὑπ’,ὑπό,r--------,AuxP
4454,οὐδένων,οὐδείς,p-p---mg-,OBJ
4455,",",",",u--------,AuxX
4456,ἀλλὰ,ἀλλά,c--------,COORD
4457,τὰς,ὁ,l-p---fa-,ATR
4458,παλαιὰς,παλαιός,a-p---fa-,OBJ
4459,ᾤκουν,οἰκέω,v3piia---,OBJ_CO
4460,τρεῖς,τρεῖς,m--------,ATR
4461,",",",",u--------,AuxX
4462,ἅσπερ,ὅς,p-p---fa-,OBJ
4463,καὶ,καί,c--------,AuxZ
4464,Ὅμηρος,Ὅμηρος,n-s---mn-,SBJ
4465,κατέλεξεν,καταλέγω,v3saia---,ATR
4466,",",",",u--------,AuxX
4467,οἱ,ὁ,l-p---mn-,ATR
4468,κατ’,κατά,r--------,AuxP
4469,ἐκείνους,ἐκεῖνος,p-p---ma-,ATR
4470,τοὺς,ὁ,l-p---ma-,ATR
4471,χρόνους,χρόνος,n-p---ma-,ATR
4472,Ῥόδιοι,Ῥόδιος,n-p---mn-,APOS
4473,.,.,u--------,AuxK
4474,συνελθόντες,συνέρχομαι,v-papamn-,ADV
4475,δ’,δέ,c--------,AuxY
4476,ὕστερον,ὕστερον,d-------c,ADV
4477,ἀπὸ,ἀπό,r--------,AuxP
4478,πασῶν,πᾶς,p-p---fg-,ATR
4479,τῶν,ὁ,l-p---fg-,ATR
4480,πόλεων,πόλις,n-p---fg-,ADV
4481,μίαν,εἷς,m-s---fa-,OBJ
4482,ταύτην,οὗτος,p-s---fa-,ATR
4483,οὐ,οὐ,d--------,AuxZ
4484,πᾶσι,πᾶς,p-p---md-,ATR
4485,καλοῖς,καλός,a-p---md-,ATR
4486,ἄρα,ἄρα,g--------,AuxY
4487,τοῖς,ὁ,l-p---md-,ATR
4488,οἰωνοῖς,οἰωνός,n-p---md-,OBJ
4489,ᾤκισαν,οἰκίζω,v3paia---,PRED
4490,",",",",u--------,AuxX
4491,ἧς,ὅς,p-s---fg-,ATR
4492,τὸ,ὁ,l-s---na-,ATR
4493,μέγα,μέγας,a-s---na-,ATR_CO
4494,καὶ,καί,c--------,COORD
4495,θαυμαστὸν,θαυμαστός,a-s---na-,ATR_CO
4496,ὄνομα,ὄνομα,n-s---na-,OBJ
4497,καὶ,καί,c--------,AuxY
4498,σχῆμα,σχῆμα,n-s---na-,CO
4499,καὶ,καί,c--------,AuxY
4500,κάλλος,κάλλος,n-s---na-,CO
4501,καὶ,καί,c--------,AuxY
4502,ὅ,ὅς,p-s---na-,OBJ
4503,τί,τις,p-s---na-,ATR
4504,τις,τις,p-s---cn-,SBJ
4505,βούλεται,βούλομαι,v3spim---,OBJ
4506,λέγων,λέγω,v-sppamn-,ADV
4507,οὐχ,οὐ,d--------,AuxZ
4508,ἁμαρτήσεται,ἁμαρτάνω,v3sfim---,CO
4509,.,.,u--------,AuxK
4510,δύο,δύο,m--------,ATR
4511,τοίνυν,τοίνυν,g--------,AuxY
4512,οὗτος,οὗτος,p-s---mn-,ATR
4513,ὁ,ὁ,l-s---mn-,ATR
4514,λόγος,λόγος,n-s---mn-,SBJ
4515,δύναταί,δύναμαι,v3spim---,PRED
4516,μοι,ἐγώ,p-s---cd-,OBJ
4517,·,·,u--------,AuxK
4518,ἓν,εἷς,m-s---na-,OBJ
4519,μὲν,μέν,g--------,AuxY
4520,",",",",u--------,AuxX
4521,ὦ,ὦ,i--------,AuxZ
4522,ἄνδρες,ἀνήρ,n-p---mv-,ExD
4523,Ῥόδιοι,Ῥόδιος,a-p---mv-,ATR
4524,",",",",u--------,AuxX
4525,ὑποθέσθαι,ὑποτίθημι,v--anm---,OBJ_CO
4526,τοῖς,ὁ,l-p---md-,ATR
4527,λογισμοῖς,λογισμός,n-p---md-,OBJ
4528,ὑμᾶς,σύ,p-p---ca-,SBJ
4529,ἐπ’,ἐπί,r--------,AuxP
4530,ἐκείνων,ἐκεῖνος,p-p---mg-,ATR
4531,εἶναι,εἰμί,v--pna---,OBJ
4532,τῶν,ὁ,l-p---mg-,ATR
4533,χρόνων,χρόνος,n-p---mg-,ADV
4534,",",",",u--------,AuxX
4535,ἡνίκ’,ἡνίκα,c--------,AuxC
4536,οὔπω,οὔπω,d--------,AuxZ
4537,τὴν,ὁ,l-s---fa-,ATR
4538,πόλιν,πόλις,n-s---fa-,OBJ
4539,εἴχετε,ἔχω,v2piia---,ADV
4540,",",",",u--------,AuxX
4541,καὶ,καί,c--------,COORD
4542,φέρειν,φέρω,v--pna---,OBJ_CO
4543,μετριώτερον,μέτριος,a-s---nac,ADV
4544,·,·,u--------,AuxK
4545,E,E,z--------,PRED
4546,ἕτερον,ἕτερος,p-s---nn-,SBJ
4547,δὲ,δέ,c--------,AuxY
4548,καὶ,καί,c--------,AuxZ
4549,τὸ,ὁ,l-s---nn-,ATR
4550,πᾶν,πᾶς,p-s---nn-,SBJ
4551,",",",",u--------,AuxX
4552,μη,μή,d--------,AuxZ
4553,-δὲ,δέ,c--------,AuxY
4554,νῦν,νῦν,d--------,ADV
4555,ἀπογνῶναί,ἀπογιγνώσκω,v--ana---,SBJ_CO
4556,πω,πω,d--------,AuxZ
4557,τὰ,ὁ,l-p---na-,ATR
4558,παρόντα,πάρειμι,v-pppana-,OBJ
4559,μη,μή,d--------,AuxZ
4560,-δ’,δέ,c--------,COORD
4561,ἀπειπεῖν,ἀπολέγω,v--ana---,SBJ_CO
4562,",",",",u--------,AuxX
4563,παραδείγματι,παράδειγμα,n-s---nd-,ADV
4564,τῷ,ὁ,l-s---nd-,ATR
4565,τῶν,ὁ,l-p---mg-,ATR
4566,προγόνων,πρόγονος,n-p---mg-,OBJ
4567,χρωμένους,χράω,v-pppmma-,ADV
4568,",",",",u--------,AuxX
4569,ὅτι,ὅτι,c--------,AuxC
4570,κα-,καί,c--------,AuxZ
4571,κἀκεῖνοι,ἐκεῖνος,p-p---mn-,SBJ
4572,γνώμην,γνώμη,n-s---fa-,OBJ
4573,ἣν,ὅς,p-s---fa-,OBJ
4574,δεῖ,δέω,v3spia---,ATR
4575,λαβόντες,λαμβάνω,v-papamn-,ADV
4576,οὖσαν,εἰμί,v-sppafa-,ATR
4577,ἐξ,ἐκ,r--------,AuxP
4578,οὐκ,οὐ,d--------,AuxZ
4579,οὔσης,εἰμί,v-sppafg-,ADV
4580,ἀπέφηναν,ἀποφαίνω,v3paia---,ADV
4581,τὴν,ὁ,l-s---fa-,ATR
4582,πόλιν,πόλις,n-s---fa-,OBJ_CO
4583,καὶ,καί,c--------,AuxY
4584,μεγάλην,μέγας,a-s---fa-,OBJ_CO
4585,τε,τε,c--------,AuxY
4586,ἐξ,ἐκ,r--------,AuxP
4587,οὐδεμιᾶς,οὐδείς,p-s---fg-,ADV
4588,καὶ,καί,c--------,COORD
4589,θαυμαστὴν,θαυμαστός,a-s---fa-,OBJ_CO
4590,ἐξ,ἐκ,r--------,AuxP
4591,ἀφανοῦς,ἀφανής,a-s---ng-,ADV
4592,τὴν,ὁ,l-s---fa-,ATR
4593,πρώτην,πρῶτος,a-s---fa-,ATR
4594,.,.,u--------,AuxK
4595,E,E,z--------,PRED
4596,ποῦ,ποῦ,d--------,ADV
4597,δὲ,δέ,c--------,AuxY
4598,ἀνεκτὸν,ἀνεκτός,a-s---nn-,PNOM
4599,ἐστερημένοις,στερέω,v-prpmmd-,ADV
4600,τοιαύτης,τοιοῦτος,p-s---fg-,ATR
4601,πόλεως,πόλις,n-s---fg-,OBJ
4602,ζῆν,ζάω,v--pna---,SBJ
4603,;,;,u--------,AuxK
4604,E,E,z--------,PRED
4605,μὴ,μή,d--------,AuxZ
4606,πρὸς,πρός,r--------,AuxP
4607,ἀνίαν,ἀνία,n-s---fa-,ADV
4608,ψιλὴν,ψιλός,a-s---fa-,ATR
4609,καταχρήσασθαι,καταχράομαι,v--anm---,OBJ_CO
4610,",",",",u--------,AuxX
4611,ἀλλ’,ἀλλά,c--------,COORD
4612,εἰς,εἰς,r--------,AuxP
4613,ἐπανόρθωσιν,ἐπανόρθωσις,n-s---fa-,OBJ
4614,τρέψαι,τρέπω,v--ana---,OBJ_CO
4615,τῶν,ὁ,l-p---ng-,ATR
4616,συμβεβηκότων,συμβαίνω,v-prpang-,ATR
4617,ἥτις,ὅστις,p-s---fn-,SBJ
4618,ἂν,ἄν,g--------,AuxY
4619,οὖσα,εἰμί,v-sppafn-,ADV
4620,δυνατὴ,δυνατός,a-s---fn-,PNOM
4621,φαίνηται,φαίνω,v3spsm---,ATR
4622,.,.,u--------,AuxK
4623,E,E,z--------,PRED
4624,καίτοι,καίτοι,g--------,AuxY
4625,πολὺ,πολύς,a-s---na-,ADV
4626,ῥᾴων,ῥᾴδιος,a-s---fnc,PNOM
4627,ὑμῖν,σύ,p-p---cd-,ADV
4628,ἡ,ὁ,l-s---fn-,ATR
4629,ἀνάληψις,ἀνάληψις,n-s---fn-,SBJ
4630,τῆς,ὁ,l-s---fg-,ATR
4631,πόλεως,πόλις,n-s---fg-,ATR
4632,",",",",u--------,AuxX
4633,ἐὰν,ἐάν,c--------,AuxC
4634,ὀρθῶς,ὀρθός,d--------,ADV
4635,σκοπῆτε,σκοπέω,v2ppsa---,ADV
4636,",",",",u--------,AuxX
4637,ἢ,ἤ,c--------,AuxY
4638,’κείνοις,’κέϊνος,a-p---md-,ADV
4639,ὁ,ὁ,l-s---mn-,ATR
4640,ἐξ,ἐκ,r--------,AuxP
4641,ἀρχῆς,ἀρχή,n-s---fg-,ATR
4642,οἰκισμός,οἰκισμός,n-s---mn-,SBJ
4643,.,.,u--------,AuxK
4644,E,E,z--------,PRED
4645,οἱ,ὁ,l-p---mn-,SBJ
4646,μὲν,μέν,g--------,AuxY
4647,γὰρ,γάρ,g--------,AuxY
4648,οὐ,οὐ,d--------,AuxZ
4649,-δ’,δέ,c--------,MWE
4650,ἡντινοῦν,ὅστις,p-s---fa-,ATR
4651,ἔχοντες,ἔχω,v-pppamn-,ADV
4652,ἀφορμὴν,ἀφορμή,n-s---fa-,OBJ
4653,παρὰ,παρά,r--------,AuxP
4654,τοῦ,ὁ,l-s---mg-,ATR
4655,τόπου,τόπος,n-s---mg-,ADV
4656,",",",",u--------,AuxX
4657,οὐ,οὐ,d--------,AuxZ
4658,λιμένας,λιμήν,n-p---ma-,APOS
4659,",",",",u--------,AuxX
4660,οὐκ,οὐ,d--------,AuxZ
4661,εἰκόνας,εἰκών,n-p---fa-,CO
4662,",",",",u--------,AuxX
4663,οὐ,οὐ,d--------,AuxZ
4664,κόσμους,κόσμος,n-p---ma-,CO
4665,",",",",u--------,AuxX
4666,οὐ,οὐ,d--------,AuxZ
4667,λίθους,λίθος,n-p---ma-,CO
4668,",",",",u--------,AuxX
4669,ὡς,ὡς,c--------,AuxC
4670,εἰπεῖν,λέγω,v--ana---,ADV
4671,",",",",u--------,AuxX
4672,ἐν,ἐν,r--------,AuxP
4673,πολλῇ,πολύς,a-s---fd-,ATR
4674,βουλῇ,βουλή,n-s---fd-,ADV_CO
4675,καὶ,καί,c--------,COORD
4676,ἀπορίᾳ,ἀπορία,n-s---fd-,ADV_CO
4677,καταστάντες,καθίστημι,v-papamn-,ADV
4678,οἶμαι,οἴομαι,v1spim---,ExD
4679,πρῶτον,πρῶτος,a-s---na-,ADV
4680,ποῖ,ποῖ,d--------,ADV
4681,ποτε,ποτέ,d--------,ADV
4682,τῆς,ὁ,l-s---fg-,ATR
4683,χώρας,χώρα,n-s---fg-,ATR
4684,οἰκήσουσιν,οἰκέω,v3pfia---,OBJ
4685,",",",",u--------,AuxX
4686,οὕτω,οὕτως,d--------,ADV
4687,ταύτην,οὗτος,p-s---fa-,OBJ_CO
4688,ἀπέδειξαν,ἀποδείκνυμι,v3paia---,PRED
4689,",",",",u--------,AuxX
4690,καὶ,καί,c--------,COORD
4691,τὸ,ὁ,l-s---na-,ATR
4692,μέγιστον,μέγας,a-s---nas,OBJ_CO
4693,ἁπάντων,ἅπας,p-p---ng-,ATR
4694,",",",",u--------,AuxX
4695,πρὸς,πρός,r--------,AuxP
4696,οὐδὲν,οὐδείς,p-s---na-,ADV
4697,ὑπάρχον,ὑπάρχω,v-sppana-,ATR
4698,παράδειγμα,παράδειγμα,n-s---na-,PNOM
4699,",",",",u--------,AuxX
4700,ἀλλ’,ἀλλά,c--------,AuxY
4701,εὑρόντες,εὑρίσκω,v-papamn-,ADV_CO
4702,αὐτοὶ,αὐτός,p-p---mn-,ADV
4703,καὶ,καί,c--------,COORD
4704,προθέντες,προτίθημι,v-papamn-,ADV_CO
4705,πρῶτοι,πρῶτος,a-p---mn-,ADV
4706,καθάπερ,καθά,c--------,AuxZ
4707,ὡς,ὡς,c--------,AuxZ
4708,ἀληθῶς,ἀληθής,d--------,ADV
4709,παράδειγμα,παράδειγμα,n-s---na-,OBJ
4710,πόλεως,πόλις,n-s---fg-,ATR
4711,.,.,u--------,AuxK
4712,E,E,z--------,ADV
4713,ὑμᾶς,σύ,p-p---ca-,SBJ
4714,δὲ,δέ,c--------,AuxY
4715,οὔ,οὐ,d--------,AuxZ
4716,-τε,τε,c--------,AuxY
4717,ζητῆσαι,ζητέω,v--ana---,SBJ_CO
4718,νῦν,νῦν,d--------,ADV
4719,οὐδὲν,οὐδείς,p-s---na-,OBJ
4720,δεῖ,δέω,v3spia---,PRED
4721,περὶ,περί,r--------,AuxP
4722,τῶν,ὁ,l-p---ng-,ATR
4723,ὅλων,ὅλος,a-p---ng-,ADV
4724,καὶ,καί,c--------,COORD
4725,εἴ,εἰ,c--------,AuxC
4726,τινα,τις,p-p---nn-,SBJ
4727,λείπεται,λείπω,v3spim---,SBJ_CO
4728,τῶν,ὁ,l-p---mg-,ATR
4729,ἀρχαίων,ἀρχαῖος,a-p---ng-,ATR
4730,παραβοηθεῖ,παραβοηθέω,v3spia---,CO
4731,·,·,u--------,AuxK
4732,πολλὰ,πολύς,a-p---nn-,ATR
4733,δὲ,δέ,c--------,AuxY
4734,ταῦτά,οὗτος,p-p---nn-,SBJ
4735,ἐστι,εἰμί,v3spia---,PRED
4736,πρὸς,πρός,r--------,AuxP
4737,τὸ,ὁ,l-s---na-,ATR
4738,πᾶν,πᾶς,p-s---na-,ADV
4739,",",",",u--------,AuxX
4740,εἰ,εἰ,c--------,AuxC
4741,καὶ,καί,c--------,AuxZ
4742,παντάπασιν,παντάπασι,d--------,ADV
4743,ὀλίγα,ὀλίγος,a-p---nn-,SBJ
4744,ὡς,ὡς,c--------,AuxZ
4745,πρὸς,πρός,r--------,AuxP
4746,τὰ,ὁ,l-p---na-,ATR
4747,πάντα,πᾶς,p-p---na-,ADV
4748,.,.,u--------,AuxK
4749,E,E,z--------,ADV
4750,οὔ,οὐ,d--------,AuxZ
4751,-τε,τε,c--------,AuxY
4752,γὰρ,γάρ,g--------,AuxY
4753,λιμένας,λιμήν,n-p---ma-,OBJ
4754,προσχοῦν,προσχόω,v--pna---,SBJ
4755,ὑμᾶς,σύ,p-p---ca-,SBJ
4756,οὐδὲν,οὐδείς,p-s---na-,OBJ
4757,δεῖ,δέω,v3spia---,PRED
4758,νῦν,νῦν,d--------,ADV
4759,οὔ,οὐ,d--------,AuxZ
4760,-τε,τε,c--------,AuxY
4761,βουλευτήριον,βουλευτήριον,n-s---na-,OBJ_CO
4762,οὔ,οὐ,d--------,AuxZ
4763,-τε,τε,c--------,COORD
4764,θέατρον,θέατρον,n-s---na-,OBJ_CO
4765,ἀνοικοδομεῖν,ἀνοικοδομέω,v--pna---,SBJ_CO
4766,οὔ,οὐ,d--------,AuxZ
4767,-τε,τε,c--------,COORD
4768,ἄλση,ἄλσος,n-p---na-,OBJ
4769,φυτεύειν,φυτεύω,v--pna---,SBJ_CO
4770,.,.,u--------,AuxK
4771,εἰσὶ,εἰμί,v3ppia---,PRED_CO
4772,δὲ,δέ,c--------,AuxY
4773,καὶ,καί,c--------,AuxZ
4774,εἰκόνες,εἰκών,n-p---fn-,SBJ
4775,λοιπαί,λοιπός,a-p---fn-,ATR
4776,τινες,τις,p-p---cn-,ATR
4777,ἐν,ἐν,r--------,AuxP
4778,πίναξι,πίναξ,n-p---md-,ADV
4779,",",",",u--------,AuxX
4780,καὶ,καί,c--------,AuxY
4781,τῶν,ὁ,l-p---ng-,ATR
4782,χαλκῶν,χάλκεος,a-p---ng-,ATR
4783,ἔργων,ἔργον,n-p---ng-,ATR
4784,ὅσον,ὅσος,p-s---nn-,PNOM
4785,δεῖγμα,δεῖγμα,n-s---nn-,PNOM_CO
4786,καὶ,καί,c--------,AuxY
4787,τὸ,ὁ,l-s---nn-,ATR
4788,μέγα,μέγας,a-s---nn-,ATR
4789,ἄγαλμα,ἄγαλμα,n-s---nn-,PNOM_CO
4790,καὶ,καί,c--------,COORD
4791,τὸ,ὁ,l-s---nn-,ATR
4792,ἡμέτερον,ἡμέτερος,a-s---nn-,ATR
4793,τουτὶ,οὗτος,p-s---nn-,ATR
4794,χωρίον,χωρίον,n-s---nn-,PNOM_CO
4795,",",",",u--------,AuxX
4796,ἐν,ἐν,r--------,AuxP
4797,ᾧ,ὅς,p-s---nd-,ADV
4798,πολλὰ,πολύς,a-p---na-,OBJ
4799,δὴ,δή,g--------,AuxY
4800,πολλάκις,πολλάκις,d--------,ADV
4801,μεθ’,μετά,r--------,AuxP
4802,ὑμῶν,σύ,p-p---cg-,ADV
4803,ἠγωνισάμεθα,ἀγωνίζομαι,v1paim---,ATR
4804,.,.,u--------,AuxK
4805,E,E,z--------,PRED_CO
4806,ὧν,ὅς,p-p---ng-,OBJ
4807,εἰ,εἰ,c--------,AuxC
4808,καὶ,καί,c--------,AuxZ
4809,ὑμεῖς,σύ,p-p---cn-,SBJ
4810,καταφρονεῖτε,καταφρονέω,v2ppia---,ADV_CO
4811,καὶ,καί,c--------,COORD
4812,τὸ,ὁ,l-s---na-,ATR
4813,μηδὲν,μηδείς,p-s---na-,OBJ
4814,τὰ,ὁ,l-p---na-,ATR
4815,λοιπὰ,λοιπός,a-p---na-,OBJ
4816,κρίνετε,κρίνω,v2ppia---,ADV_CO
4817,",",",",u--------,AuxX
4818,πρὸς,πρός,r--------,AuxP
4819,τὰ,ὁ,l-p---na-,ATR
4820,ἀρχαῖα,ἀρχαῖος,a-p---na-,OBJ
4821,ἀναφέροντες,ἀναφέρω,v-pppamn-,ADV
4822,",",",",u--------,AuxX
4823,ἠγάλλοντ’,ἀγάλλω,v3piim---,PRED
4824,ἂν,ἄν,g--------,AuxY
4825,εὖ,εὖ,d--------,ADV
4826,ἴστε,οἶδα,v2prma---,ExD
4827,ἕτεραι,ἕτερος,p-p---fn-,ATR
4828,πόλεις,πόλις,n-p---fn-,SBJ
4829,εἰ,εἰ,c--------,AuxC
4830,καὶ,καί,c--------,AuxZ
4831,μέρος,μέρος,n-s---nn-,SBJ
4832,παρ’,παρά,r--------,AuxP
4833,αὐτοῖς,αὐτός,p-p---md-,ADV
4834,ἦν,εἰμί,v3siia---,OBJ
4835,τι,τις,p-s---nn-,ATR
4836,.,.,u--------,AuxK
4837,καὶ,καί,c--------,AuxY
4838,μὴν,μήν,g--------,AuxY
4839,οὐ,οὐ,d--------,AuxZ
4840,-δὲ,δέ,c--------,MWE
4841,παράδειγμά,παράδειγμα,n-s---na-,OBJ
4842,γε,γε,g--------,AuxZ
4843,ὑμᾶς,σύ,p-p---ca-,SBJ
4844,δεῖ,δέω,v3spia---,PRED
4845,μεταπέμπεσθαι,μεταπέμπω,v--pnm---,SBJ_CO
4846,οὐ,οὐ,d--------,AuxZ
4847,-δ’,δέ,c--------,COORD
4848,ὑπερόριόν,ὑπερόριος,a-s---ma-,ATR
4849,τινα,τις,p-s---ca-,OBJ
4850,ζηλῶσαι,ζηλόω,v--ana---,SBJ_CO
4851,",",",",u--------,AuxX
4852,ἀλλ’,ἀλλά,c--------,COORD
4853,ἀπὸ,ἀπό,r--------,AuxP
4854,τῆς,ὁ,l-s---fg-,ATR
4855,Ῥόδου,Ῥόδος,n-s---fg-,ADV
4856,τὴν,ὁ,l-s---fa-,ATR
4857,Ῥόδον,Ῥόδος,n-s---fa-,OBJ
4858,ἐκ,ἐκ,r--------,AuxP
4859,παλαιᾶς,παλαιός,a-s---fg-,ADV
4860,νέαν,νέος,a-s---fa-,OCOMP
4861,ποιῆσαι,ποιέω,v--ana---,SBJ_CO
4862,.,.,u--------,AuxK
4863,ἔτι,ἔτι,d--------,ADV
4864,δὲ,δέ,c--------,AuxY
4865,οἱ,ὁ,l-p---mn-,SBJ
4866,μὲν,μέν,g--------,AuxY
4867,ἐν,ἐν,r--------,AuxP
4868,πολέμοις,πόλεμος,n-p---md-,ADV_CO
4869,τε,τε,c--------,AuxY
4870,καὶ,καί,c--------,COORD
4871,ταραχαῖς,ταραχή,n-p---fd-,ADV_CO
4872,",",",",u--------,AuxX
4873,καὶ,καί,c--------,AuxY
4874,οὔ,οὐ,d--------,AuxZ
4875,-τε,τε,c--------,AuxY
4876,αὐτοὶ,αὐτός,p-p---mn-,ADV
4877,πάνυ,πάνυ,d--------,ADV
4878,τι,τις,p-s---na-,ADV
4879,τὴν,ὁ,l-s---fa-,ATR
4880,ἡσυχίαν,ἡσυχία,n-s---fa-,OBJ
4881,ἄγειν,ἄγω,v--pna---,OBJ
4882,δυνάμενοι,δύναμαι,v-pppmmn-,ADV_CO
4883,τῆς,ὁ,l-s---fg-,ATR
4884,τε,τε,c--------,AuxY
4885,ἄλλης,ἄλλος,p-s---fg-,ATR
4886,Ἑλλάδος,Ἑλλάς,n-s---fg-,SBJ
4887,πάσης,πᾶς,p-s---fg-,ATR
4888,ἄνω,ἄνω,d--------,ADV_CO
4889,καὶ,καί,c--------,COORD
4890,κάτω,κάτω,d--------,ADV_CO
4891,φερομένης,φέρω,v-sppmfg-,ADV_CO
4892,",",",",u--------,AuxX
4893,πλέοντες,πλέω,v-pppamn-,ADV_CO
4894,ὁμοῦ,ὁμοῦ,d--------,ADV
4895,καὶ,καί,c--------,COORD
4896,στρατευόμενοι,στρατεύω,v-pppmmn-,ADV_CO
4897,ᾤκιζον,οἰκίζω,v3piia---,PRED
4898,τὴν,ὁ,l-s---fa-,ATR
4899,πόλιν,πόλις,n-s---fa-,OBJ
4900,",",",",u--------,AuxX
4901,ὥσπερ,ὥσπερ,c--------,AuxC
4902,τινὲς,τις,p-p---cn-,SBJ
4903,φρούριον,φρούριον,n-s---na-,OBJ_CO
4904,ἢ,ἤ,c--------,COORD
4905,στρατόπεδον,στρατόπεδον,n-s---na-,OBJ_CO
4906,ἐκτειχίζοντες,ἐκτειχίζω,v-pppamn-,ADV
4907,ἐπὶ,ἐπί,r--------,AuxP
4908,στρατείας,στρατεία,n-s---fg-,ADV
4909,.,.,u--------,AuxK
4910,E,E,z--------,ADV
4911,ὑμεῖς,σύ,p-p---cn-,SBJ
4912,δὲ,δέ,c--------,AuxY
4913,ἐπὶ,ἐπί,r--------,AuxP
4914,πολλῆς,πολύς,a-s---fg-,ATR
4915,μὲν,μέν,g--------,AuxY
4916,εἰρήνης,εἰρήνη,n-s---fg-,ADV_CO
4917,καὶ,καί,c--------,COORD
4918,βαθείας,βαθύς,a-s---fg-,ATR
4919,ἡσυχίας,ἡσυχία,n-s---fg-,ADV_CO
4920,",",",",u--------,AuxX
4921,ἣ,ὅς,p-s---fn-,SBJ
4922,τὰ,ὁ,l-p---na-,ATR
4923,πάντων,πᾶς,p-p---mg-,ATR
4924,ἀνθρώπων,ἄνθρωπος,n-p---mg-,ATR
4925,καλῶς,καλός,d--------,ADV
4926,ποιοῦσα,ποιέω,v-sppafn-,ADV
4927,ηὔξηκε,αὐξάνω,v3sria---,ATR
4928,πράγματα,πρᾶγμα,n-p---na-,OBJ
4929,",",",",u--------,AuxX
4930,πολλῶν,πολύς,a-p---mg-,SBJ
4931,δὲ,δέ,c--------,AuxY
4932,καὶ,καί,c--------,COORD
4933,συλλαμβανόντων,συλλαμβάνω,v-pppamg-,ADV_CO
4934,ὑμῖν,σύ,p-p---cd-,OBJ
4935,",",",",u--------,AuxX
4936,οὐ,οὐ,d--------,AuxZ
4937,μόνον,μόνος,d--------,ADV
4938,οὐ,οὐ,d--------,AuxZ
4939,κωλυόντων,κωλύω,v-pppamg-,ADV_CO
4940,",",",",u--------,AuxX
4941,ἐξέσται,ἔξεστι,v3sfim---,PRED
4942,τῶν,ὁ,l-p---mg-,ATR
4943,Ἑλλήνων,Ἕλλην,n-p---mg-,ATR
4944,πολλοὺς,πολύς,a-p---ma-,OBJ
4945,συνεπιλήψεσθαι,συνεπιλαμβάνομαι,v--fnm---,SBJ
4946,",",",",u--------,AuxX
4947,ὥσπερ,ὥσπερ,c--------,AuxC
4948,ἔρανον,ἔρανος,n-s---ma-,OBJ
4949,κοινὸν,κοινός,a-s---ma-,ATR
4950,τῷ,ὁ,l-s---nd-,ATR
4951,γένει,γένος,n-s---nd-,OBJ
4952,πληροῦντας,πληρόω,v-pppama-,ADV
4953,",",",",u--------,AuxX
4954,τοὺς,ὁ,l-p---ma-,ATR
4955,μὲν,μέν,g--------,AuxY
4956,ἀποδιδόντας,ἀποδίδωμι,v-pppama-,ATR
4957,ὑμῖν,σύ,p-p---cd-,OBJ
4958,εὐεργεσίας,εὐεργεσία,n-p---fa-,OBJ
4959,ἀνθ’,ἀντί,r--------,AuxP
4960,ὧν,ὅς,p-p---fg-,ADV
4961,ἔτυχον,τυγχάνω,v3paia---,ATR
4962,αὐτοὶ,αὐτός,p-p---mn-,SBJ
4963,δεηθέντες,δέω,v-pappmn-,PNOM_CO
4964,ποτὲ,ποτέ,d--------,ADV
4965,",",",",u--------,AuxX
4966,τοὺς,ὁ,l-p---ma-,ATR
4967,δὲ,δέ,c--------,AuxY
4968,τὸ,ὁ,l-s---na-,ATR
4969,τῆς,ὁ,l-s---fg-,ATR
4970,τύχης,τύχη,n-s---fg-,ATR
4971,ἄδηλον,ἄδηλος,a-s---na-,OBJ
4972,ἐν,ἐν,r--------,AuxP
4973,ὑμῖν,σύ,p-p---cd-,ADV
4974,εὖ,εὖ,d--------,ADV
4975,τιθεμένους,τίθημι,v-pppmma-,PNOM_CO
4976,",",",",u--------,AuxX
4977,τοὺς,ὁ,l-p---ma-,ATR
4978,δ’,δέ,c--------,COORD
4979,αὐτὸ,αὐτός,p-s---na-,ATR
4980,τοῦτο,οὗτος,p-s---na-,ATR
4981,δεῖγμα,δεῖγμα,n-s---na-,OBJ
4982,ἐκφέροντας,ἐκφέρω,v-pppama-,PNOM_CO
4983,φιλοκαλίας,φιλοκαλία,n-s---fg-,ATR_CO
4984,καὶ,καί,c--------,COORD
4985,μεγαλοπρεπείας,μεγαλοπρέπεια,n-s---fg-,ATR_CO
4986,τὸ,ὁ,l-s---na-,ATR
4987,ὑμῖν,σύ,p-p---cd-,OBJ
4988,εἰς,εἰς,r--------,AuxP
4989,τὰ,ὁ,l-p---na-,ATR
4990,παρόντα,πάρειμι,v-pppana-,OBJ
4991,συνεισενεγκεῖν,συνεισφέρω,v--ana---,PNOM_CO
4992,.,.,u--------,AuxK
4993,E,E,z--------,ADV
4994,μέγιστον,μέγας,a-s---nns,PNOM
4995,δὲ,δέ,c--------,AuxY
4996,πάντων,πᾶς,p-p---mg-,ATR
4997,ἀνθρώπων,ἄνθρωπος,n-p---mg-,ATR
4998,ἄρχοντος,ἄρχω,v-sppamg-,ADV
4999,ἐλπὶς,ἐλπίς,n-s---fn-,SBJ
5000,",",",",u--------,AuxX
5001,ᾧ,ὅς,p-s---md-,ADV
5002,μάλιστα,μάλα,d-------s,ADV
5003,χρὴ,χρή,v3spia---,ATR
5004,δοκεῖν,δοκέω,v--pna---,SBJ
5005,εἶναι,εἰμί,v--pna---,OBJ
5006,διὰ,διά,r--------,AuxP
5007,σπουδῆς,σπουδή,n-s---fg-,ADV
5008,ὡς,ὡς,c--------,AuxC
5009,ἂν,ἄν,g--------,AuxY
5010,οἷόν,οἷος,p-s---nn-,PNOM
5011,τε,τε,c--------,MWE
5012,ᾖ,εἰμί,v3spsa---,ADV
5013,τὴν,ὁ,l-s---fa-,ATR
5014,πόλιν,πόλις,n-s---fa-,OBJ
5015,ἀναλαβεῖν,ἀναλαμβάνω,v--ana---,ADV
5016,",",",",u--------,AuxX
5017,ὡς,ὡς,c--------,AuxC
5018,μὴ,μή,d--------,AuxZ
5019,τὸ,ὁ,l-s---nn-,ATR
5020,κάλλιστον,καλός,a-s---nns,SBJ
5021,αὐτῷ,αὐτός,p-s---md-,OBJ
5022,τῶν,ὁ,l-p---ng-,ATR
5023,κτημάτων,κτῆμα,n-p---ng-,ATR
5024,ἀτίμως,ἄτιμος,d--------,ADV
5025,ἐπὶ,ἐπί,r--------,AuxP
5026,γῆς,γῆ,n-s---fg-,ADV
5027,κέοιτο,κεῖμαι,v3spom---,ADV_CO
5028,μη,μή,d--------,AuxZ
5029,-δὲ,δέ,c--------,AuxY
5030,σκόπελοι,σκόπελος,n-p---mn-,SBJ_CO
5031,καὶ,καί,c--------,COORD
5032,κόνις,κόνις,n-s---fn-,SBJ_CO
5033,τὰ,ὁ,l-p---nn-,ATR
5034,Ῥόδου,Ῥόδος,n-s---fg-,ATR
5035,πράγματα,πρᾶγμα,n-p---nn-,SBJ
5036,εἴη,εἰμί,v3spoa---,ADV_CO
5037,τὸ,ὁ,l-s---na-,ATR
5038,λοιπόν,λοιπός,a-s---nn-,PNOM
5039,.,.,u--------,AuxK
5040,E,E,z--------,PRED
5041,ἐνθυμεῖσθαι,ἐνθυμέομαι,v--pnm---,SBJ
5042,δὲ,δέ,c--------,AuxY
5043,χρὴ,χρή,v3spia---,PRED
5044,καὶ,καί,c--------,AuxZ
5045,τὰ,ὁ,l-p---na-,OBJ
5046,τῶν,ὁ,l-p---mg-,ATR
5047,παλαιῶν,παλαιός,a-p---mg-,ATR
5048,.,.,u--------,AuxK
5049,ἔστι,εἰμί,v3spia---,PRED
5050,μὲν,μέν,g--------,AuxY
5051,ὡς,ὡς,c--------,AuxZ
5052,ἀληθῶς,ἀληθής,d--------,ADV
5053,ἀναίσθητον,ἀναίσθητος,a-s---nn-,PNOM
5054,τὰ,ὁ,l-p---na-,ATR
5055,ὑμέτερα,ὑμέτερος,a-p---na-,OBJ
5056,ἀντεξετάζειν,ἀντεξετάζω,v--pna---,SBJ
5057,τοῖς,ὁ,l-p---nd-,OBJ
5058,ὡντινωνοῦν,ὅστις,p-p---mg-,ATR
5059,·,·,u--------,AuxK
5060,ὅπερ,ὅς,p-s---na-,OBJ
5061,γὰρ,γάρ,g--------,AuxY
5062,εἶπον,λέγω,v1saia---,SBJ
5063,τὸ,ὁ,l-s---nn-,ATR
5064,μόνον,μόνος,d--------,ADV
5065,τὰς,ὁ,l-p---fa-,ATR
5066,συμφορὰς,συμφορά,n-p---fa-,OBJ
5067,ἐπικουφίζον,ἐπικουφίζω,v-sppann-,SBJ
5068,οὐκ,οὐ,d--------,AuxZ
5069,ἔστιν,εἰμί,v3spia---,PRED
5070,ἐν,ἐν,r--------,AuxP
5071,τοῖς,ὁ,l-p---nd-,ATR
5072,παροῦσι,πάρειμι,v-pppand-,ADV
5073,",",",",u--------,AuxX
5074,παράδειγμα,παράδειγμα,n-s---nn-,PNOM
5075,·,·,u--------,AuxK
5076,ὅμως,ὅμως,d--------,ADV
5077,δ’,δέ,c--------,AuxY
5078,εἰ,εἰ,c--------,AuxC
5079,καὶ,καί,c--------,AuxZ
5080,μὴ,μή,d--------,AuxZ
5081,τηλικούτων,τηλικοῦτος,p-p---ng-,ATR
5082,ἐστερήθησάν,στερέω,v3paip---,ADV
5083,τινες,τις,p-p---cn-,SBJ
5084,",",",",u--------,AuxX
5085,μη,μή,d--------,AuxZ
5086,-δ’,δέ,c--------,AuxY
5087,οὕτω,οὕτως,d--------,ADV
5088,πολυειδεῖ,πολυειδής,a-s---nd-,ATR
5089,κακῷ,κακός,a-s---nd-,OBJ
5090,περιέπεσον,περιπίπτω,v3paia---,PRED
5091,",",",",u--------,AuxX
5092,ἀλλ’,ἀλλά,c--------,AuxY
5093,οὖν,οὖν,g--------,AuxY
5094,πολλαὶ,πολύς,a-p---fn-,ATR
5095,δὴ,δή,g--------,AuxY
5096,πόλεις,πόλις,n-p---fn-,SBJ
5097,αἱ,ὁ,l-p---fn-,ATR
5098,μὲν,μέν,g--------,AuxY
5099,ἀναστάτων,ἀνάστατος,a-p---ng-,ATR
5100,τῶν,ὁ,l-p---mg-,ATR
5101,ἐχόντων,ἔχω,v-pppamg-,ATR
5102,αὐτὰς,αὐτός,p-p---fa-,OBJ
5103,γενομένων,γίγνομαι,v-papmmg-,ATR
5104,ἐρημίᾳ,ἐρημία,n-s---fd-,ADV
5105,κατελύθησαν,καταλύω,v3paip---,PRED_CO
5106,",",",",u--------,AuxX
5107,αἱ,ὁ,l-p---fn-,SBJ
5108,δὲ,δέ,c--------,AuxY
5109,κατεσκάφησαν,κατασκάπτω,v3paip---,PRED_CO
5110,",",",",u--------,AuxX
5111,αἱ,ὁ,l-p---fn-,SBJ
5112,δὲ,δέ,c--------,COORD
5113,ἐνεπρήσθησαν,ἐμπίμπρημι,v3paip---,PRED_CO
5114,·,·,u--------,AuxK
5115,ὧν,ὅς,p-p---ng-,OBJ
5116,ὅσα,ὅσος,p-p---na-,OBJ
5117,γνωριμώτατα,γνώριμος,a-p---nas,ADV
5118,ἐκλέγοντας,ἐκλέγω,v-pppama-,ADV
5119,ἐνθυμεῖσθαι,ἐνθυμέομαι,v--pnm---,SBJ_CO
5120,χρὴ,χρή,v3spia---,PRED
5121,καὶ,καί,c--------,COORD
5122,λέγειν,λέγω,v--pna---,SBJ_CO
5123,πρὸς,πρός,r--------,AuxP
5124,ὑμᾶς,σύ,p-p---ca-,OBJ
5125,αὐτοὺς,αὐτός,p-p---ma-,ATR
5126,ὅτι,ὅτι,c--------,AuxC
5127,ἑάλω,ἁλίσκομαι,v3saia---,OBJ_CO
5128,μὲν,μέν,g--------,AuxY
5129,Ἴλιος,Ἴλιος,a-s---fn-,SBJ
5130,",",",",u--------,AuxX
5131,ἡ,ὁ,l-s---fn-,ATR
5132,δυνατωτάτη,δυνατός,a-s---fns,ATR
5133,τῶν,ὁ,l-p---fg-,ATR
5134,ἐν,ἐν,r--------,AuxP
5135,τῇ,ὁ,l-s---fd-,ATR
5136,Ἀσίᾳ,Ἀσία,n-s---fd-,ATR
5137,πόλις,πόλις,n-s---fn-,APOS
5138,κατ’,κατά,r--------,AuxP
5139,ἐκείνους,ἐκεῖνος,p-p---ma-,ATR
5140,τοὺς,ὁ,l-p---ma-,ATR
5141,χρόνους,χρόνος,n-p---ma-,ADV
5142,",",",",u--------,AuxX
5143,ἀλλ’,ἀλλά,c--------,COORD
5144,ὅμως,ὅμως,d--------,ADV
5145,οἰκεῖται,οἰκέω,v3spim---,OBJ_CO
5146,νῦν,νῦν,d--------,ADV
5147,Ἴλιος,Ἴλιος,a-s---fn-,SBJ
5148,",",",",u--------,AuxX
5149,καὶ,καί,c--------,AuxY
5150,ταῦτα,οὗτος,p-p---na-,OBJ
5151,δὶς,δίς,d--------,ADV
5152,",",",",u--------,AuxX
5153,ὥς,ὡς,c--------,AuxC
5154,φασιν,φημί,v3ppia---,ExD
5155,",",",",u--------,AuxX
5156,ἁλοῦσα,ἁλίσκομαι,v-sapafn-,ADV
5157,",",",",u--------,AuxX
5158,ἅπαξ,ἅπαξ,d--------,ADV
5159,μὲν,μέν,g--------,AuxY
5160,ὑπὸ,ὑπό,r--------,AuxP
5161,Ἡρακλέους,Ἡρακλῆς,n-s---mg-,OBJ_CO
5162,",",",",u--------,AuxX
5163,δεύτερον,δεύτερος,a-s---na-,ADV
5164,δὲ,δέ,c--------,COORD
5165,ὑπὸ,ὑπό,r--------,AuxP
5166,Ἑλλήνων,Ἕλλην,n-p---mg-,OBJ_CO
5167,κοινῇ,κοινῇ,d--------,ADV
5168,τῷ,ὁ,l-s---md-,ATR
5169,θρυλουμένῳ,θρυλέω,v-sppmmd-,ATR
5170,πολέμῳ,πόλεμος,n-s---md-,ADV
5171,·,·,u--------,AuxK
5172,E,E,z--------,CO
5173,φασὶ,φημί,v3ppia---,PRED
5174,δέ,δέ,c--------,AuxY
5175,τινες,τις,p-p---cn-,SBJ
5176,καὶ,καί,c--------,AuxZ
5177,τρίτον,τρίτος,a-s---na-,ADV
5178,ἐν,ἐν,r--------,AuxP
5179,τοῖς,ὁ,l-p---md-,ATR
5180,κάτω,κάτω,d--------,ATR
5181,καιροῖς,καιρός,n-p---md-,ADV
5182,.,.,u--------,AuxK
5183,οἰκοῦνται,οἰκέω,v3ppim---,PRED
5184,δὲ,δέ,c--------,AuxY
5185,Θῆβαι,Θῆβαι,n-p---fn-,SBJ
5186,",",",",u--------,AuxX
5187,δὶς,δίς,d--------,ADV
5188,καὶ,καί,c--------,AuxY
5189,αὐταὶ,αὐτός,p-p---fn-,ADV
5190,κατασκαφεῖσαι,κατασκάπτω,v-pappfn-,ADV_CO
5191,καὶ,καί,c--------,COORD
5192,τῶν,ὁ,l-p---mg-,ATR
5193,ἐν,ἐν,r--------,AuxP
5194,ἡλικίᾳ,ἡλικία,n-s---fd-,ADV
5195,πάντων,πᾶς,p-p---mg-,SBJ
5196,διαφθαρέντων,διαφθείρω,v-pappmg-,ADV_CO
5197,·,·,u--------,AuxK
5198,ὃ,ὅς,p-s---na-,OBJ
5199,ἐνταῦθα,ἐνταῦθα,d--------,ADV
5200,οὐκ,οὐ,d--------,AuxZ
5201,ἠκρίβωσεν,ἀκριβόω,v3saia---,PRED
5202,ὁ,ὁ,l-s---mn-,ATR
5203,σεισμὸς,σεισμός,n-s---mn-,SBJ
5204,",",",",u--------,AuxX
5205,εὖ,εὖ,d--------,ADV
5206,ποιῶν,ποιέω,v-sppamn-,ADV
5207,κατὰ,κατά,r--------,AuxP
5208,γοῦν,γοῦν,g--------,AuxY
5209,τοῦτο,οὗτος,p-s---na-,ATR
5210,τὸ,ὁ,l-s---na-,ATR
5211,μέρος,μέρος,n-s---na-,ADV
5212,.,.,u--------,AuxK
5213,ὑμῖν,σύ,p-p---cd-,OBJ
5214,δὲ,δέ,c--------,AuxY
5215,ὡς,ὡς,c--------,AuxC
5216,ἐν,ἐν,r--------,AuxP
5217,δεινοῖς,δεινός,a-p---nd-,ADV_CO
5218,καὶ,καί,c--------,COORD
5219,τούτοις,οὗτος,p-p---nd-,ADV_CO
5220,τηλικούτοις,τηλικοῦτος,p-p---nd-,ATR
5221,κινδυνεύει,κινδυνεύω,v3spia---,PRED
5222,τοῦτο,οὗτος,p-s---nn-,SBJ_CO
5223,καὶ,καί,c--------,COORD
5224,ἀνεκτότατον,ἀνεκτός,a-s---nns,SBJ_CO
5225,συμβεβηκέναι,συμβαίνω,v--rna---,OBJ
5226,.,.,u--------,AuxK
5227,οὐ,οὐ,d--------,AuxZ
5228,γὰρ,γάρ,g--------,AuxY
5229,πολέμῳ,πόλεμος,n-s---md-,ADV
5230,ληφθεῖσα,λαμβάνω,v-sappfn-,ADV
5231,ὑμῶν,σύ,p-p---cg-,ATR
5232,ἡ,ὁ,l-s---fn-,ATR
5233,πόλις,πόλις,n-s---fn-,SBJ
5234,οἴχεται,οἴχομαι,v3spim---,PRED_CO
5235,οὐ,οὐ,d--------,AuxZ
5236,-δ’,δέ,c--------,AuxY
5237,ἀνδρῶν,ἀνήρ,n-p---mg-,ADV
5238,χείρων,κακός,a-s---fnc,PNOM
5239,φανεῖσα,φαίνω,v-sappfn-,ADV
5240,",",",",u--------,AuxX
5241,οὐ,οὐ,d--------,AuxZ
5242,-δ’,δέ,c--------,AuxY
5243,ἔστησεν,ἵστημι,v3saia---,PRED_CO
5244,ἀπ’,ἀπό,r--------,AuxP
5245,αὐτῆς,αὐτός,p-s---fg-,OBJ
5246,τρόπαιον,τρόπαιον,n-s---na-,OBJ
5247,οὐδεὶς,οὐδείς,p-s---mn-,SBJ
5248,",",",",u--------,AuxX
5249,οὐ,οὐ,d--------,AuxZ
5250,-δ’,δέ,c--------,COORD
5251,ἀπὸ,ἀπό,r--------,AuxP
5252,τῶν,ὁ,l-p---ng-,ATR
5253,ὑμετέρων,ὑμέτερος,a-p---ng-,ATR
5254,ἀναθημάτων,ἀνάθημα,n-p---ng-,ADV
5255,τὰ,ὁ,l-p---na-,ATR
5256,παρ’,παρά,r--------,AuxP
5257,αὑτῷ,ἑαυτοῦ,p-s---md-,ATR
5258,τις,τις,p-s---cn-,SBJ
5259,ἱερὰ,ἱερόν,n-p---na-,OBJ
5260,κοσμήσει,κοσμέω,v3sfia---,PRED_CO
5261,",",",",u--------,AuxX
5262,ὥσπερ,ὥσπερ,c--------,AuxC
5263,ὑμεῖς,σύ,p-p---cn-,SBJ
5264,τοῖς,ὁ,l-p---nd-,ATR
5265,ἔξωθεν,ἔξωθεν,d--------,ATR
5266,λαφύροις,λάφυρα,n-p---nd-,ADV
5267,τὴν,ὁ,l-s---fa-,ATR
5268,ὑμετέραν,ὑμέτερος,a-s---fa-,ATR
5269,αὐτῶν,αὐτός,p-p---mg-,ATR
5270,πόλιν,πόλις,n-s---fa-,OBJ
5271,κατεκοσμήσατε,κατακοσμέω,v2paia---,ADV
5272,",",",",u--------,AuxX
5273,ἀλλ’,ἀλλά,c--------,AuxY
5274,ὥσπερ,ὥσπερ,c--------,AuxC
5275,ἀνὴρ,ἀνήρ,n-s---mn-,SBJ
5276,ἐν,ἐν,r--------,AuxP
5277,ἀκμῇ,ἀκμή,n-s---fd-,ADV
5278,τελευτήσας,τελευτάω,v-sapamn-,ADV
5279,τὸν,ὁ,l-s---ma-,ATR
5280,βίον,βίος,n-s---ma-,OBJ
5281,αὐτὴ,αὐτός,p-s---fn-,ADV
5282,καθ’,κατά,r--------,AuxP
5283,αὑτὴν,ἑαυτοῦ,p-s---fa-,ADV
5284,οἴχεται,οἴχομαι,v3spim---,ADV_CO
5285,θειοτέραν,θεῖος,a-s---fac,ATR
5286,λαβοῦσα,λαμβάνω,v-sapafn-,ADV
5287,τὴν,ὁ,l-s---fa-,ATR
5288,τελευτὴν,τελευτή,n-s---fa-,OBJ
5289,",",",",u--------,AuxX
5290,καὶ,καί,c--------,AuxY
5291,οὔ,οὐ,d--------,AuxZ
5292,-τε,τε,c--------,AuxY
5293,αἰχμάλωτος,αἰχμάλωτος,a-s---mn-,ADV
5294,ἦκται,ἄγω,v3srim---,ADV_CO
5295,Ῥοδίων,Ῥόδιος,a-p---mg-,ATR
5296,οὐδεὶς,οὐδείς,p-s---mn-,SBJ
5297,οὔ,οὐ,d--------,AuxZ
5298,-τε,τε,c--------,AuxY
5299,καθῄρηται,καθαιρέω,v3srim---,ADV_CO
5300,Ῥόδος,Ῥόδος,n-s---fn-,SBJ
5301,",",",",u--------,AuxX
5302,ἀλλ’,ἀλλά,c--------,COORD
5303,ἀνθήσασα,ἀνθέω,v-sapafn-,ADV
5304,εἰς,εἰς,r--------,AuxP
5305,ὅσον,ὅσος,p-s---na-,ADV
5306,ἐξῆν,ἔξεστι,v3siia---,OBJ
5307,ἐξαίφνης,ἐξαίφνης,d--------,ADV
5308,ἠφάνισται,ἀφανίζω,v3srim---,ADV_CO
5309,.,.,u--------,AuxK
5310,καίτοι,καίτοι,g--------,AuxY
5311,τοὺς,ὁ,l-p---ma-,ATR
5312,τοιούτους,τοιοῦτος,p-p---ma-,SBJ
5313,τῶν,ὁ,l-p---mg-,ATR
5314,θανάτων,θάνατος,n-p---mg-,ATR
5315,οὐ,οὐ,d--------,AuxZ
5316,-δὲ,δέ,c--------,MWE
5317,ἰδίᾳ,ἴδιος,a-s---fd-,ADV
5318,ἐπὶ,ἐπί,r--------,AuxP
5319,τῶν,ὁ,l-p---mg-,ATR
5320,ἀνδρῶν,ἀνήρ,n-p---mg-,ADV
5321,ἀδόξους,ἄδοξος,a-p---ma-,PNOM
5322,εἶναι,εἰμί,v--pna---,SBJ
5323,συμβέβηκεν,συμβαίνω,v3sria---,PRED
5324,.,.,u--------,AuxK
5325,ἀλλ’,ἀλλά,c--------,AuxY
5326,Ἀμφιάραος,Ἀμφιάραος,n-s---mn-,SBJ
5327,δὺς,δύω,v-sapamn-,ADV
5328,κατὰ,κατά,r--------,AuxP
5329,τῆς,ὁ,l-s---fg-,ATR
5330,γῆς,γῆ,n-s---fg-,ADV
5331,ὁμοῦ,ὁμοῦ,d--------,AuxP
5332,τῷ,ὁ,l-s---nd-,ATR
5333,ἅρματι,ἅρμα,n-s---nd-,ADV
5334,σεμνὸς,σεμνός,a-s---mn-,ADV
5335,ἥρως,ἥρως,n-s---mn-,SBJ
5336,ᾁδεται,αἱͅδομαι,v3spim---,PRED_CO
5337,",",",",u--------,AuxX
5338,καὶ,καί,c--------,COORD
5339,ὁ,ὁ,l-s---mn-,ATR
5340,δεξάμενος,δέχομαι,v-sapmmn-,ATR
5341,τόπος,τόπος,n-s---mn-,SBJ
5342,τέμενος,τέμενος,n-s---na-,PNOM
5343,εἶναι,εἰμί,v--pna---,OBJ
5344,δύναται,δύναμαι,v3spim---,PRED_CO
5345,τὸ,ὁ,l-s---na-,ATR
5346,λοιπὸν,λοιπός,a-s---na-,ADV
5347,αὐτῷ,αὐτός,p-s---md-,OBJ
5348,.,.,u--------,AuxK
5349,κινδυνεύω,κινδυνεύω,v1spia---,PRED
5350,δὲ,δέ,c--------,AuxY
5351,εἰπεῖν,λέγω,v--ana---,OBJ
5352,ὅτι,ὅτι,c--------,AuxC
5353,καὶ,καί,c--------,AuxZ
5354,τοῦτο,οὗτος,p-s---na-,OBJ
5355,εἰς,εἰς,r--------,AuxP
5356,ἐγκώμιον,ἐγκώμιον,n-s---na-,OBJ
5357,τῇ,ὁ,l-s---fd-,ATR
5358,πόλει,πόλις,n-s---fd-,OBJ
5359,συντετέλεκε,συντελέω,v3sria---,OBJ
5360,.,.,u--------,AuxK
5361,περὶ,περί,r--------,AuxP
5362,μὲν,μέν,g--------,AuxY
5363,γὰρ,γάρ,g--------,AuxY
5364,τῆς,ὁ,l-s---fg-,ATR
5365,τῶν,ὁ,l-p---mg-,ATR
5366,Λακεδαιμονίων,Λακεδαιμόνιος,a-p---mg-,ATR
5367,πόλεως,πόλις,n-s---fg-,ADV
5368,ἔχομεν,ἔχω,v1ppia---,PRED
5369,λέγειν,λέγω,v--pna---,OBJ
5370,ὡς,ὡς,c--------,AuxC
5371,οὐ,οὐ,d--------,AuxZ
5372,διεγένετο,διαγίγνομαι,v3saim---,OBJ_CO
5373,ἀπόρθητος,ἀπόρθητος,a-s---mn-,PNOM
5374,καὶ,καί,c--------,COORD
5375,περὶ,περί,r--------,AuxP
5376,τῶν,ὁ,l-p---ng-,ATR
5377,ἄλλων,ἄλλος,p-p---ng-,ADV
5378,ἐστὶ,εἰμί,v3spia---,OBJ_CO
5379,τὸ,ὁ,l-s---na-,ATR
5380,μέλλον,μέλλω,v-sppana-,OBJ
5381,ὑποπτεῦσαι,ὑποπτεύω,v--ana---,SBJ
5382,·,·,u--------,AuxK
5383,πολλὰ,πολύς,a-p---nn-,SBJ
5384,δὲ,δέ,c--------,AuxY
5385,τοῖς,ὁ,l-p---md-,ATR
5386,περιοῦσι,περίειμι,v-pppamd-,OBJ
5387,κινδυνεύεται,κινδυνεύω,v3spim---,PRED_CO
5388,καὶ,καί,c--------,AuxY
5389,πολλοὶ,πολύς,a-p---mn-,SBJ
5390,παρ’,παρά,r--------,AuxP
5391,ἀξίαν,ἀξία,n-s---fa-,ADV_CO
5392,ἤδη,ἤδη,d--------,ADV
5393,καὶ,καί,c--------,AuxY
5394,παρὰ,παρά,r--------,AuxP
5395,πᾶσαν,πᾶς,p-s---fa-,ATR
5396,προσδοκίαν,προσδοκία,n-s---fa-,ADV_CO
5397,ὑπὸ,ὑπό,r--------,AuxP
5398,τῶν,ὁ,l-p---mg-,ATR
5399,τυχόντων,τυγχάνω,v-papamg-,OBJ
5400,ἐσφάλησαν,σφάλλω,v3paip---,PRED_CO
5401,",",",",u--------,AuxX
5402,οἳ,ὅς,p-p---mn-,SBJ
5403,πρὶν,πρίν,c--------,AuxC
5404,ἐνταῦθα,ἐνταῦθα,d--------,ADV
5405,ἐλθεῖν,ἔρχομαι,v--ana---,ADV
5406,ἀκραιφνὲς,ἀκραιφνής,a-s---na-,ATR_CO
5407,καὶ,καί,c--------,COORD
5408,κρεῖττον,κρατύς,a-s---nac,ATR_CO
5409,ἁπάσης,ἅπας,p-s---fg-,ATR
5410,ἐλπίδος,ἐλπίς,n-s---fg-,ATR
5411,τὸ,ὁ,l-s---na-,ATR
5412,φρόνημα,φρόνημα,n-s---na-,OBJ
5413,ἔσωζον,σῴζω,v3piia---,ADV
5414,",",",",u--------,AuxX
5415,αὕτη,οὗτος,p-s---fn-,SBJ
5416,δὲ,δέ,c--------,COORD
5417,βεβαίως,βέβαιος,d--------,ADV
5418,ἀήττητος,ἀήσσητος,a-s---fn-,ADV
5419,οἴχεται,οἴχομαι,v3spim---,PRED_CO
5420,",",",",u--------,AuxX
5421,ὥσπερ,ὥσπερ,c--------,AuxC
5422,ἀνὴρ,ἀνήρ,n-s---mn-,SBJ
5423,ἀθλητὴς,ἀθλητής,n-s---mn-,ATR
5424,ἐν,ἐν,r--------,AuxP
5425,ταῖς,ὁ,l-p---fd-,ATR
5426,εὐτυχίαις,εὐτυχία,n-p---fd-,ADV
5427,καταλύσας,καταλύω,v-sapamn-,ADV
5428,τοὺς,ὁ,l-p---ma-,ATR
5429,πόνους,πόνος,n-p---ma-,OBJ
5430,",",",",u--------,AuxX
5431,καὶ,καί,c--------,COORD
5432,τὴν,ὁ,l-s---fa-,ATR
5433,ἔμπροσθεν,ἔμπροσθεν,r--------,ATR
5434,ἀκμὴν,ἀκμή,n-s---fa-,OBJ_CO
5435,καὶ,καί,c--------,AuxY
5436,δύναμιν,δύναμις,n-s---fa-,OBJ_CO
5437,καὶ,καί,c--------,COORD
5438,λαμπρότητα,λαμπρότης,n-s---fa-,OBJ_CO
5439,ἐπεσφραγίσατο,ἐπισφραγίζω,v3saim---,PRED_CO
5440,τῇ,ὁ,l-s---fd-,ATR
5441,τελευτῇ,τελευτή,n-s---fd-,OBJ
5442,.,.,u--------,AuxK
5443,E,E,z--------,ADV
5444,οὐ,οὐ,d--------,AuxZ
5445,γὰρ,γάρ,g--------,AuxY
5446,εὖ,εὖ,d--------,ADV
5447,πράξασα,πράσσω,v-sapafn-,ADV
5448,",",",",u--------,AuxX
5449,εἶτα,εἶτα,d--------,ADV
5450,χεῖρον,κακός,a-s---nac,ADV
5451,ἔπραξεν,πράσσω,v3saia---,PRED_CO
5452,οὐ,οὐ,d--------,AuxZ
5453,-δ’,δέ,c--------,MWE
5454,ἀεὶ,ἀεί,d--------,ADV
5455,κατὰ,κατά,r--------,AuxP
5456,μικρὸν,μικρός,a-s---na-,ADV
5457,ἕως,ἕως,r--------,AuxC
5458,ἀπέσβη,ἀποσβέννυμι,v3saia---,ADV
5459,",",",",u--------,AuxX
5460,ἀλλ’,ἀλλά,c--------,AuxY
5461,οὖσα,εἰμί,v-sppafn-,ADV
5462,μὲν,μέν,g--------,AuxY
5463,ἦν,εἰμί,v3siia---,PRED_CO
5464,μεγίστη,μέγας,a-s---fns,PNOM
5465,",",",",u--------,AuxX
5466,πρότερον,πρότερος,d-------c,ADV
5467,δ’,δέ,c--------,COORD
5468,εἰς,εἰς,r--------,AuxP
5469,τὸ,ὁ,l-s---na-,ATR
5470,μηκέτ’,μηκέτι,d--------,ADV
5471,εἶναι,εἰμί,v--pna---,ADV
5472,κατῆλθεν,κατέρχομαι,v3saia---,PRED_CO
5473,ἢ,ἤ,c--------,AuxC
5474,τῆς,ὁ,l-s---fg-,ATR
5475,ὑπαρχούσης,ὑπάρχω,v-sppafg-,ATR
5476,ἀξίας,ἀξία,n-s---fg-,OBJ
5477,ὑφεῖλεν,ὑφαιρέω,v3saia---,ADV
5478,.,.,u--------,AuxK
5479,ἃ,ὅς,p-p---na-,SBJ
5480,χρὴ,χρή,v3spia---,PRED
5481,λογιζομένους,λογίζομαι,v-pppmma-,ADV
5482,μή,μή,d--------,AuxZ
5483,-τε,τε,c--------,AuxY
5484,ὑπερασχάλλειν,ὑπερασχάλλω,v--pna---,SBJ_CO
5485,τῷ,ὁ,l-s---nd-,ATR
5486,συμβεβηκότι,συμβαίνω,v-srpand-,OBJ
5487,μή,μή,d--------,AuxZ
5488,-τ’,τε,c--------,COORD
5489,ἀπαλγήσαντας,ἀπαλγέω,v-papama-,ADV
5490,ἐᾶν,ἐάω,v--pna---,SBJ_CO
5491,",",",",u--------,AuxX
5492,ἀλλ’,ἀλλά,c--------,COORD
5493,ἐκεῖνο,ἐκεῖνος,p-s---na-,OBJ
5494,ὁρᾶν,ὁράω,v--pna---,SBJ_CO
5495,ὅτι,ὅτι,c--------,AuxC
5496,ὥσπερ,ὥσπερ,c--------,AuxC
5497,ἐκ,ἐκ,r--------,AuxP
5498,τῆς,ὁ,l-s---fg-,ATR
5499,μεγίστης,μέγας,a-s---fgs,ATR
5500,εὐτυχίας,εὐτυχία,n-s---fg-,ADV
5501,εἰς,εἰς,r--------,AuxP
5502,το-,ὁ,l-s---na-,ATR
5503,τοὔσχατον,ἔσχατος,a-s---na-,OBJ
5504,ἦλθεν,ἔρχομαι,v3saia---,OBJ
5505,",",",",u--------,AuxX
5506,οὕτως,οὕτως,d--------,ADV
5507,οὐδὲν,οὐδείς,p-s---na-,OBJ
5508,ἀπεικὸς,ἀφίημι,v-srpann-,ADV_CO
5509,καὶ,καί,c--------,COORD
5510,οὕτως,οὕτως,d--------,ADV
5511,πεπραγυῖαν,πράσσω,v-srpafa-,ADV_CO
5512,ἀναστῆναι,ἀνίστημι,v--ana---,OBJ_CO
5513,πάλιν,πάλιν,d--------,ADV
5514,καὶ,καί,c--------,COORD
5515,προσδέχεσθαι,προσδέχομαι,v--pnm---,OBJ_CO
5516,τὴν,ὁ,l-s---fa-,ATR
5517,ἐπὶ,ἐπί,r--------,AuxP
5518,τα-,ὁ,l-s---na-,ATR
5519,θάτερον,ἕτερος,p-s---na-,ATR
5520,τῆς,ὁ,l-s---fg-,ATR
5521,τύχης,τύχη,n-s---fg-,ATR
5522,ἤδη,ἤδη,d--------,ADV
5523,μεταβολὴν,μεταβολή,n-s---fa-,OBJ
5524,",",",",u--------,AuxX
5525,ὅσῳ,ὅσος,p-s---nd-,ADV
5526,καὶ,καί,c--------,AuxZ
5527,συνηθέστερον,συνήθης,a-s---nnc,PNOM
5528,τῇ,ὁ,l-s---fd-,ATR
5529,πόλει,πόλις,n-s---fd-,ADV
5530,τὸ,ὁ,l-s---nn-,ATR
5531,εὖ,εὖ,d--------,ADV
5532,πράττειν,πράσσω,v--pna---,SBJ
5533,τοῦ,ὁ,l-s---ng-,OBJ
5534,κακῶς,κακός,d--------,ATR
5535,.,.,u--------,AuxK
5536,E,E,z--------,ATR
5537,καὶ,καί,c--------,AuxY
5538,τοῦ,ὁ,l-s---ng-,ATR
5539,μὲν,μέν,g--------,AuxY
5540,θεοφιλὴς,θεοφιλής,a-s---mn-,PNOM
5541,εἶναι,εἰμί,v--pna---,OBJ
5542,πολλὰ,πολύς,a-p---na-,ATR_CO
5543,καὶ,καί,c--------,AuxY
5544,πάλαι,πάλαι,d--------,ATR_CO
5545,καὶ,καί,c--------,COORD
5546,νῦν,νῦν,d--------,ATR_CO
5547,ἐξενήνοχε,ἐκφέρω,v3sria---,PRED_CO
5548,δείγματα,δεῖγμα,n-p---na-,OBJ
5549,",",",",u--------,AuxX
5550,τοῦ,ὁ,l-s---ng-,ATR
5551,δὲ,δέ,c--------,COORD
5552,ἐναντίου,ἐναντίος,a-s---ng-,OBJ
5553,τοσοῦτον,τοσοῦτος,p-s---na-,ADV
5554,ἀφέστηκεν,ἀφίστημι,v3sria---,PRED_CO
5555,ὅσον,ὅσος,p-s---na-,ADV
5556,πλεῖστον,πολύς,a-s---nas,ADV
5557,ἐξῆν,ἔξεστι,v3siia---,ATR
5558,.,.,u--------,AuxK
5559,δι’,διά,r--------,AuxP
5560,ἃ,ὅς,p-p---na-,ADV
5561,πάντα,πᾶς,p-p---na-,OBJ
5562,χρὴ,χρή,v3spia---,PRED
5563,καὶ,καί,c--------,AuxY
5564,τὸ,ὁ,l-s---na-,ATR
5565,συμβεβηκὸς,συμβαίνω,v-srpana-,OBJ
5566,ἐνεγκεῖν,φέρω,v--ana---,SBJ_CO
5567,ὡς,ὡς,c--------,AuxZ
5568,πραότατα,πρᾶος,a-p---nas,ADV
5569,καὶ,καί,c--------,AuxY
5570,τῶν,ὁ,l-p---mg-,ATR
5571,δευτέρων,δεύτερος,a-p---mg-,ATR
5572,ἐρρωμένως,ἐρρωμένος,d--------,ADV
5573,ἀντέχεσθαι,ἀντέχω,v--pnm---,SBJ_CO
5574,καὶ,καί,c--------,COORD
5575,τὸν,ὁ,l-s---ma-,ATR
5576,λόγον,λόγος,n-s---ma-,OBJ
5577,βεβαιῶσαι,βεβαιόω,v--ana---,SBJ_CO
5578,ὅτι,ὅτι,c--------,AuxC
5579,οὐκ,οὐ,d--------,AuxZ
5580,οἰκίαι,οἰκία,n-p---fn-,PNOM_CO
5581,καλῶς,καλός,d--------,ADV
5582,ἐστεγασμέναι,στεγάζω,v-prpmfn-,ATR
5583,οὐ,οὐ,d--------,AuxZ
5584,-δὲ,δέ,c--------,AuxY
5585,λίθοι,λίθος,n-p---mn-,PNOM_CO
5586,τειχῶν,τεῖχος,n-p---ng-,ATR
5587,εὖ,εὖ,d--------,ADV
5588,δεδομημένοι,δομάω,v-prpmmn-,ATR
5589,οὐ,οὐ,d--------,AuxZ
5590,-δὲ,δέ,c--------,AuxY
5591,στενωποί,στενωπός,a-p---mn-,PNOM_CO
5592,τε,τε,c--------,AuxY
5593,καὶ,καί,c--------,COORD
5594,νεώρια,νεώριον,n-p---nn-,PNOM_CO
5595,ἡ,ὁ,l-s---fn-,ATR
5596,πόλις,πόλις,n-s---fn-,ATR
5597,",",",",u--------,AuxX
5598,ἀλλ’,ἀλλά,c--------,AuxY
5599,ἄνδρες,ἀνήρ,n-p---mn-,PNOM_CO
5600,χρῆσθαι,χράω,v--pnm---,OBJ
5601,τοῖς,ὁ,l-p---nd-,ATR
5602,ἀεὶ,ἀεί,d--------,ADV
5603,παροῦσι,πάρειμι,v-pppand-,OBJ
5604,δυνάμενοι,δύναμαι,v-pppmmn-,ATR_CO
5605,",",",",u--------,AuxX
5606,καὶ,καί,c--------,COORD
5607,μὴ,μή,d--------,AuxZ
5608,νομίζειν,νομίζω,v--pna---,ATR_CO
5609,οὕτω,οὕτως,d--------,ADV
5610,τινὰ,τις,p-s---ca-,ATR
5611,εἶναι,εἰμί,v--pna---,OBJ_CO
5612,συμφορὰν,συμφορά,n-s---fa-,SBJ
5613,ἰσχυρὰν,ἰσχυρός,a-s---fa-,ATR
5614,ἧς,ὅς,p-s---fg-,ATR
5615,μὴ,μή,d--------,AuxZ
5616,καὶ,καί,c--------,AuxZ
5617,λύσιν,λύσις,n-s---fa-,OBJ
5618,ἔστιν,εἰμί,v3spia---,ATR
5619,εὑρεῖν,εὑρίσκω,v--ana---,SBJ
5620,",",",",u--------,AuxX
5621,μη,μή,d--------,AuxZ
5622,-δ’,δέ,c--------,COORD
5623,οὕτως,οὕτως,d--------,ADV
5624,μικρὰς,μικρός,a-p---fa-,ATR
5625,ἔχειν,ἔχω,v--pna---,OBJ_CO
5626,ἀφορμὰς,ἀφορμή,n-p---fa-,OBJ
5627,δι’,διά,r--------,AuxP
5628,ὧν,ὅς,p-p---mg-,ADV
5629,οὐκ,οὐ,d--------,AuxZ
5630,ἄν,ἄν,g--------,AuxY
5631,τις,τις,p-s---cn-,SBJ
5632,καὶ,καί,c--------,AuxZ
5633,τῶν,ὁ,l-p---ng-,ATR
5634,μεγίστων,μέγας,a-p---ngs,ATR
5635,περιγένοιτο,περιγίγνομαι,v3saom---,ATR
5636,",",",",u--------,AuxX
5637,ἐπισταμένους,ἐπίσταμαι,v-pppmma-,ADV
5638,ἀκοῇ,ἀκοή,n-s---fd-,ADV
5639,ὅτι,ὅτι,c--------,AuxC
5640,Ἀθηναίων,Ἀθηναῖος,a-p---mg-,ATR
5641,τῆς,ὁ,l-s---fg-,ATR
5642,ἡγεμονίας,ἡγεμονία,n-s---fg-,SBJ
5643,στερηθέντων,στερέω,v-pappmg-,ADV_CO
5644,καὶ,καί,c--------,AuxY
5645,τὰ,ὁ,l-p---na-,ATR
5646,τείχη,τεῖχος,n-p---na-,OBJ
5647,ταῖς,ὁ,l-p---fd-,ATR
5648,ἑαυτῶν,ἑαυτοῦ,p-p---mg-,ATR
5649,χερσὶ,χείρ,n-p---fd-,ADV
5650,κατασκαψάντων,κατασκάπτω,v-papamg-,ADV_CO
5651,καὶ,καί,c--------,COORD
5652,τοσοῦτον,τοσοῦτος,p-s---na-,OBJ
5653,μεταπεσόντων,μεταπίπτω,v-papamg-,ADV_CO
5654,ἐκ,ἐκ,r--------,AuxP
5655,τῆς,ὁ,l-s---fg-,ATR
5656,ἀρχαίας,ἀρχαῖος,a-s---fg-,ATR
5657,εὐδαιμονίας,εὐδαιμονία,n-s---fg-,ADV
5658,",",",",u--------,AuxX
5659,ὥστε,ὥστε,c--------,AuxC
5660,ἐπὶ,ἐπί,r--------,AuxP
5661,τριάκοντα,τριάκοντα,m--------,ATR
5662,αὐτῶν,αὐτός,p-p---mg-,ATR
5663,εἶναι,εἰμί,v--pna---,ADV
5664,δεσπόταις,δεσπότης,n-p---md-,PNOM
5665,",",",",u--------,AuxX
5666,καὶ,καί,c--------,AuxY
5667,τοῖς,ὁ,l-p---md-,ATR
5668,ἐκ,ἐκ,r--------,AuxP
5669,Λακεδαίμονος,Λακεδαίμων,n-s---fg-,ATR
5670,φρουροῖς,φρουρός,n-p---md-,OBJ
5671,ἑβδομήκοντα,ἑβδομήκοντα,m--------,ATR
5672,ἄνδρες,ἀνήρ,n-p---mn-,SBJ
5673,οἱ,ὁ,l-p---mn-,ATR
5674,πρῶτοι,πρῶτος,a-p---mn-,ATR
5675,συστάντες,συνίστημι,v-papamn-,ADV_CO
5676,καὶ,καί,c--------,COORD
5677,Φυλὴν,Φυλή,n-s---fa-,OBJ
5678,καταλαβόντες,καταλαμβάνω,v-papamn-,ADV_CO
5679,τοσοῦτον,τοσοῦτος,p-s---na-,ADV
5680,αὖ,αὖ,d--------,ADV
5681,μεταβαλεῖν,μεταβάλλω,v--ana---,OBJ
5682,ἐποίησαν,ποιέω,v3paia---,OBJ
5683,ἅπαντα,ἅπας,p-p---na-,ATR
5684,τὰ,ὁ,l-p---na-,ATR
5685,πράγματα,πρᾶγμα,n-p---na-,OBJ
5686,",",",",u--------,AuxX
5687,ὥστε,ὥστε,c--------,AuxC
5688,κατέσχον,κατέχω,v3paia---,ADV_CO
5689,μὲν,μέν,g--------,AuxY
5690,τὸν,ὁ,l-s---ma-,ATR
5691,Πειραιᾶ,Πειραιεύς,n-s---ma-,OBJ
5692,",",",",u--------,AuxX
5693,κύριοι,κύριος,n-p---mn-,PNOM
5694,δὲ,δέ,c--------,AuxY
5695,τῶν,ὁ,l-p---mg-,ATR
5696,λιμένων,λιμήν,n-p---mg-,ATR
5697,κατέστησαν,καθίστημι,v3paia---,CO
5698,",",",",u--------,AuxX
5699,ἔσωσαν,σῴζω,v3paia---,ADV_CO
5700,δὲ,δέ,c--------,AuxY
5701,καὶ,καί,c--------,AuxY
5702,ἑαυτοὺς,ἑαυτοῦ,p-p---ma-,OBJ_CO
5703,καὶ,καί,c--------,COORD
5704,τοὺς,ὁ,l-p---ma-,OBJ_CO
5705,ἑαυτῶν,ἑαυτοῦ,p-p---mg-,ATR
5706,",",",",u--------,AuxX
5707,τὴν,ὁ,l-s---fa-,ATR
5708,πόλιν,πόλις,n-s---fa-,OBJ_CO
5709,δὲ,δέ,c--------,COORD
5710,ἐκομίσαντο,κομίζω,v3paim---,ADV_CO
5711,καὶ,καί,c--------,COORD
5712,τὴν,ὁ,l-s---fa-,ATR
5713,πάτριον,πάτριος,a-s---na-,ATR
5714,πολιτείαν,πολιτεία,n-s---fa-,OBJ_CO
5715,",",",",u--------,AuxX
5716,τὰς,ὁ,l-p---fa-,ATR
5717,Λακεδαιμονίων,Λακεδαιμόνιος,a-p---mg-,ATR
5718,φρουρὰς,φρουρά,n-p---fa-,OBJ
5719,ἀπαλλάξαντες,ἀπαλλάσσω,v-papamn-,ADV
5720,·,·,u--------,AuxK
5721,E,E,z--------,UNLINKED
5722,ἐξ,ἐκ,r--------,AuxP
5723,ὧν,ὅς,p-p---ng-,ADV
5724,καὶ,καί,c--------,AuxY
5725,περὶ,περί,r--------,AuxP
5726,αὑτῆς,ἑαυτοῦ,p-s---fg-,ADV
5727,βουλεύσασθαι,βουλεύω,v--anm---,SBJ
5728,καὶ,καί,c--------,AuxY
5729,περὶ,περί,r--------,AuxP
5730,τῶν,ὁ,l-p---mg-,ATR
5731,ἄλλων,ἄλλος,p-p---mg-,ATR
5732,Ἑλλήνων,Ἕλλην,n-p---mg-,ADV
5733,ἠδυνήθη,δύναμαι,v3saip---,PRED
5734,πάλιν,πάλιν,d--------,ADV
5735,ἡ,ὁ,l-s---fn-,ATR
5736,πόλις,πόλις,n-s---fn-,SBJ
5737,καὶ,καί,c--------,AuxY
5738,τὰ,ὁ,l-p---na-,ATR
5739,τείχη,τεῖχος,n-p---na-,OBJ
5740,περιβαλέσθαι,περιβάλλω,v--anm---,OBJ_CO
5741,καὶ,καί,c--------,COORD
5742,τὴν,ὁ,l-s---fa-,ATR
5743,ἀρχὴν,ἀρχή,n-s---fa-,OBJ
5744,τῆς,ὁ,l-s---fg-,ATR
5745,θαλάττης,θάλασσα,n-s---fg-,ATR
5746,ἀναλαβεῖν,ἀναλαμβάνω,v--ana---,OBJ_CO
5747,δι’,διά,r--------,AuxP
5748,ἑνὸς,εἷς,m-s---mg-,ATR
5749,ἀνδρὸς,ἀνήρ,n-s---mg-,ADV
5750,φυγάδος,φυγάς,n-s---mg-,ATR
5751,Κόνωνος,Κόνων,n-s---mg-,ATR
5752,",",",",u--------,AuxX
5753,ὃς,ὅς,p-s---mn-,SBJ
5754,ὅτε,ὅτε,c--------,AuxC
5755,αἱ,ὁ,l-p---fn-,ATR
5756,τριήρεις,τριήρης,n-p---fn-,SBJ
5757,αὐτοῖς,αὐτός,p-p---md-,OBJ
5758,ἀπώλοντο,ἀπόλλυμι,v3paim---,ADV
5759,ἐν,ἐν,r--------,AuxP
5760,Αἰγὸς,Αἴξ,n-s---mg-,ATR
5761,ποταμοῖς,ποταμός,n-p---md-,ADV
5762,",",",",u--------,AuxX
5763,μόνος,μόνος,a-s---mn-,ADV
5764,ἐξ,ἐκ,r--------,AuxP
5765,ἁπάντων,ἅπας,p-p---mg-,ADV
5766,ἀποδρὰς,ἀποδιδράσκω,v-sapamn-,ADV
5767,ᾤχετο,οἴχομαι,v3siim---,ATR
5768,.,.,u--------,AuxK
5769,εἰ,εἰ,c--------,AuxC
5770,τοίνυν,τοίνυν,g--------,AuxY
5771,μή,μή,d--------,AuxZ
5772,-τε,τε,c--------,AuxY
5773,Θρασύβουλος,Θρασύβουλος,n-s---mn-,SBJ
5774,ἀπέγνω,ἀπογιγνώσκω,v3saia---,ADV_CO
5775,τὰ,ὁ,l-p---na-,ATR
5776,πράγματα,πρᾶγμα,n-p---na-,OBJ
5777,μη,μή,d--------,AuxZ
5778,-δὲ,δέ,c--------,COORD
5779,ἐνεθυμήθη,ἐνθυμέομαι,v3saip---,ADV_CO
5780,",",",",u--------,AuxX
5781,τί,τίς,p-s---na-,ADV
5782,δ’,δέ,c--------,AuxY
5783,ἂν,ἄν,g--------,AuxY
5784,εἶεν,εἰμί,v3ppoa---,ADV_CO
5785,ἑβδομήκοντα,ἑβδομήκοντα,m--------,ATR
5786,ἄνθρωποι,ἄνθρωπος,n-p---mn-,SBJ
5787,πρὸς,πρός,r--------,AuxP
5788,τὴν,ὁ,l-s---fa-,ATR
5789,Λακεδαιμονίων,Λακεδαιμόνιος,a-p---mg-,ATR
5790,ἀρχὴν,ἀρχή,n-s---fa-,ADV_CO
5791,καὶ,καί,c--------,COORD
5792,τὴν,ὁ,l-s---fa-,ATR
5793,κατέχουσαν,κατέχω,v-sppafa-,ATR
5794,τύχην,τύχη,n-s---fa-,ADV_CO
5795,τότε,τότε,d--------,ADV
5796,κοινῇ,κοινῇ,d--------,ADV
5797,τὴν,ὁ,l-s---fa-,ATR
5798,Ἑλλάδα,Ἑλλάς,n-s---fa-,ATR
5799,—,—,u--------,AuxG
5800,πάντες,πᾶς,p-p---mn-,SBJ
5801,γὰρ,γάρ,g--------,AuxY
5802,ὁμοίως,ὅμοιος,d--------,ADV
5803,ὑποκεκύφεσαν,ὑποκύπτω,v3plia---,ExD
5804,αὐτοῖς,αὐτός,p-p---md-,OBJ
5805,—,—,u--------,AuxG
5806,μή,μή,d--------,AuxZ
5807,-τε,τε,c--------,COORD
5808,ὁ,ὁ,l-s---mn-,ATR
5809,Κόνων,Κόνων,n-s---mn-,SBJ
5810,ἀδυνάτων,ἀδύνατος,a-p---ng-,OBJ
5811,ἐρῶν,ἐράω,v-sppamn-,ADV
5812,ᾔσθετο,αἰσθάνομαι,v3saim---,ADV_CO
5813,",",",",u--------,AuxX
5814,ὅτε,ὅτε,c--------,AuxC
5815,οὐ,οὐ,d--------,AuxZ
5816,-δ’,δέ,c--------,MWE
5817,ὁτιοῦν,ὁστισοῦν,p-s---na-,OBJ
5818,ἔχων,ἔχω,v-sppamn-,ADV
5819,πλὴν,πλήν,r--------,AuxP
5820,τοῦ,ὁ,l-s---ng-,ATR
5821,σώματος,σῶμα,n-s---ng-,ADV
5822,ἔγνω,γιγνώσκω,v3saia---,ADV
5823,τὰ,ὁ,l-p---na-,ATR
5824,τείχη,τεῖχος,n-p---na-,OBJ
5825,πάλιν,πάλιν,d--------,ADV
5826,τῇ,ὁ,l-s---fd-,ATR
5827,πόλει,πόλις,n-s---fd-,OBJ
5828,στῆσαι,ἵστημι,v--ana---,OBJ_CO
5829,καὶ,καί,c--------,COORD
5830,τὴν,ὁ,l-s---fa-,ATR
5831,ἀρχὴν,ἀρχή,n-s---fa-,OBJ
5832,ἀνανεώσασθαι,ἀνανεόομαι,v--anm---,OBJ_CO
5833,",",",",u--------,AuxX
5834,πῶς,πῶς,d--------,ADV
5835,οὐκ,οὐ,d--------,AuxZ
5836,εὔδηλόν,εὔδηλος,a-s---nn-,PNOM
5837,ἐστιν,εἰμί,v3spia---,PRED
5838,ὅτι,ὅτι,c--------,AuxC
5839,γνώμῃ,γνώμη,n-s---fd-,ADV_CO
5840,καὶ,καί,c--------,AuxY
5841,φρονήματι,φρόνημα,n-s---nd-,ADV_CO
5842,καὶ,καί,c--------,COORD
5843,καρτερίᾳ,καρτερία,n-s---fd-,ADV_CO
5844,ψυχῆς,ψυχή,n-s---fg-,ATR
5845,τὰ,ὁ,l-p---nn-,ATR
5846,πολλὰ,πολύς,a-p---nn-,SBJ
5847,τῶν,ὁ,l-p---ng-,ATR
5848,πραγμάτων,πρᾶγμα,n-p---ng-,ATR
5849,",",",",u--------,AuxX
5850,ἀλλ’,ἀλλά,c--------,AuxY
5851,οὐ,οὐ,d--------,AuxZ
5852,τῷ,ὁ,l-s---nd-,ATR
5853,πλήθει,πλῆθος,n-s---nd-,ADV
5854,τῶν,ὁ,l-p---ng-,ATR
5855,ὑπαρχόντων,ὑπάρχω,v-pppang-,ATR
5856,κρίνεται,κρίνω,v3spim---,SBJ
5857,;,;,u--------,AuxK
5858,E,E,z--------,UNLINKED
5859,τί,τίς,p-s---na-,ADV
5860,δὲ,δέ,c--------,AuxY
5861,δεῖ,δέω,v3spia---,PRED
5862,λέγειν,λέγω,v--pna---,SBJ
5863,τὴν,ὁ,l-s---fa-,ATR
5864,παλαιὰν,παλαιός,a-s---fa-,ATR
5865,ἔκλειψιν,ἔκλειψις,n-s---fa-,OBJ
5866,αὐτῶν,αὐτός,p-p---mg-,ATR
5867,τῆς,ὁ,l-s---fg-,ATR
5868,πόλεως,πόλις,n-s---fg-,ATR
5869,",",",",u--------,AuxX
5870,ὅτε,ὅτε,c--------,AuxC
5871,ἐξεπίτηδες,ἐξεπίτηδες,d--------,ADV
5872,αὐτὴν,αὐτός,p-s---fa-,SBJ
5873,προήκαντο,προίημι,v3paim---,ADV
5874,τοῖς,ὁ,l-p---md-,ATR
5875,βαρβάροις,βάρβαρος,a-p---md-,OBJ
5876,ἐμπρῆσαι,ἐμπίμπρημι,v--ana---,OBJ
5877,καὶ,καί,c--------,AuxY
5878,ἱερὰ,ἱερόν,n-p---na-,OBJ_CO
5879,καὶ,καί,c--------,AuxY
5880,τάφους,τάφος,n-p---ma-,OBJ_CO
5881,τοὺς,ὁ,l-p---ma-,ATR
5882,ἐν,ἐν,r--------,AuxP
5883,τῇ,ὁ,l-s---fd-,ATR
5884,χώρᾳ,χώρα,n-s---fd-,ATR
5885,",",",",u--------,AuxX
5886,τὴν,ὁ,l-s---fa-,ATR
5887,ἐν,ἐν,r--------,AuxP
5888,Σαλαμῖνι,Σαλαμίς,n-s---fd-,ATR
5889,βουλὴν,βουλή,n-s---fa-,OBJ_CO
5890,ὑπὲρ,ὑπέρ,r--------,AuxP
5891,τῶν,ὁ,l-p---mg-,ATR
5892,Ἑλλήνων,Ἕλλην,n-p---mg-,ADV
5893,καὶ,καί,c--------,COORD
5894,ὧν,ὅς,p-p---ng-,OBJ
5895,ἐκ,ἐκ,r--------,AuxP
5896,τούτων,οὗτος,p-p---mg-,ADV
5897,ἔτυχον,τυγχάνω,v3paia---,OBJ_CO
5898,;,;,u--------,AuxK
5899,οὐδεὶς,οὐδείς,p-s---mn-,SBJ
5900,γὰρ,γάρ,g--------,AuxY
5901,ταῦτά,οὗτος,p-p---na-,OBJ
5902,γε,γε,g--------,AuxZ
5903,Ἑλλήνων,Ἕλλην,n-p---mg-,ATR_CO
5904,οὐ,οὐ,d--------,AuxZ
5905,-δὲ,δέ,c--------,COORD
5906,βαρβάρων,βάρβαρος,a-p---mg-,ATR_CO
5907,ἀγνοεῖ,ἀγνοέω,v3spia---,PRED_CO
5908,",",",",u--------,AuxX
5909,ἥκιστα,ἦκα,a-p---nas,ADV
5910,δὲ,δέ,c--------,COORD
5911,ὑμεῖς,σύ,p-p---cn-,SBJ
5912,",",",",u--------,AuxX
5913,ὅσῳ,ὅσος,p-s---nd-,ADV
5914,καὶ,καί,c--------,AuxZ
5915,παιδείᾳ,παιδεία,n-s---fd-,ADV
5916,πλεῖστον,πολύς,a-s---nas,ADV
5917,ἁπάντων,ἅπας,p-p---mg-,ATR
5918,προέχετε,προέχω,v2ppia---,ATR
5919,.,.,u--------,AuxK
5920,E,E,z--------,PRED_CO
5921,καὶ,καί,c--------,AuxY
5922,νῦν,νῦν,d--------,ADV
5923,μέν,μέν,g--------,AuxY
5924,γε,γε,g--------,AuxZ
5925,ὑμεῖς,σύ,p-p---cn-,SBJ
5926,χρῆσθε,χράω,v2ppmm---,PRED
5927,τούτοις,οὗτος,p-p---nd-,ATR
5928,παραδείγμασι,παράδειγμα,n-p---nd-,OBJ
5929,.,.,u--------,AuxK
5930,γιγνομένων,γίγνομαι,v-pppmmg-,ADV
5931,δὲ,δέ,c--------,AuxY
5932,καὶ,καί,c--------,AuxZ
5933,ὑμῶν,σύ,p-p---cg-,SBJ
5934,ἀνδρῶν,ἀνήρ,n-p---mg-,SBJ
5935,ἀγαθῶν,ἀγαθός,a-p---mg-,ATR
5936,ἕτεροι,ἕτερος,p-p---mn-,SBJ
5937,μνημονεύσουσιν,μνημονεύω,v3pfia---,PRED_CO
5938,ἐν,ἐν,r--------,AuxP
5939,τοιούτοις,τοιοῦτος,p-p---md-,ATR
5940,καιροῖς,καιρός,n-p---md-,ADV
5941,καὶ,καί,c--------,AuxY
5942,παράδειγμα,παράδειγμα,n-s---na-,OBJ
5943,ὑμᾶς,σύ,p-p---ca-,ATR
5944,καὶ,καί,c--------,AuxY
5945,τὰ,ὁ,l-p---na-,ATR
5946,ὑμέτερα,ὑμέτερος,a-p---na-,CO
5947,πρὸς,πρός,r--------,AuxP
5948,αὐτοὺς,αὐτός,p-p---ma-,ADV
5949,καὶ,καί,c--------,COORD
5950,τὰ,ὁ,l-p---na-,ATR
5951,ἑαυτῶν,ἑαυτοῦ,p-p---mg-,ATR
5952,θήσονται,τίθημι,v3pfim---,PRED_CO
5953,πράγματα,πρᾶγμα,n-p---na-,OBJ
5954,",",",",u--------,AuxX
5955,ὥστε,ὥστε,c--------,AuxC
5956,καὶ,καί,c--------,AuxZ
5957,τῆς,ὁ,l-s---fg-,ATR
5958,παρὰ,παρά,r--------,AuxP
5959,τοῖς,ὁ,l-p---md-,ATR
5960,οὖσι,εἰμί,v-pppamd-,ATR
5961,δόξης,δόξα,n-s---fg-,ADV
5962,ἕνεκα,ἕνεκα,r--------,AuxP
5963,καὶ,καί,c--------,AuxY
5964,τῆς,ὁ,l-s---fg-,ATR
5965,παρὰ,παρά,r--------,AuxP
5966,τοῖς,ὁ,l-p---md-,ATR
5967,ἐπιγιγνομένοις,ἐπιγίγνομαι,v-pppmmd-,ATR_CO
5968,καὶ,καί,c--------,COORD
5969,τὸ,ὁ,l-s---na-,ATR
5970,μέγιστον,μέγας,a-s---nas,ATR_CO
5971,τῆς,ὁ,l-s---fg-,ATR
5972,ὑμετέρας,ὑμέτερος,a-s---fg-,ATR
5973,αὐτῶν,αὐτός,p-p---mg-,ATR
5974,ἕνεκα,ἕνεκα,r--------,AuxP
5975,σωτηρίας,σωτηρία,n-s---fg-,ADV
5976,ἄξιον,ἄξιος,a-s---na-,ADV
5977,φιλοτιμηθῆναι,φιλοτιμέομαι,v--anm---,ADV_CO
5978,καὶ,καί,c--------,COORD
5979,τάξαι,τάσσω,v--ana---,ADV_CO
5980,καὶ,καί,c--------,AuxZ
5981,ὑμᾶς,σύ,p-p---ca-,OBJ
5982,αὐτοὺς,αὐτός,p-p---ma-,ATR
5983,ἐν,ἐν,r--------,AuxP
5984,τῷ,ὁ,l-s---md-,ATR
5985,τῶν,ὁ,l-p---mg-,ATR
5986,ἀπὸ,ἀπό,r--------,AuxP
5987,μικρῶν,μικρός,a-p---mg-,ATR
5988,τῶν,ὁ,l-p---mg-,ATR
5989,λοιπῶν,λοιπός,a-p---mg-,ATR
5990,μεγάλα,μέγας,a-p---na-,OBJ
5991,τὰ,ὁ,l-p---na-,ATR
5992,ἀρχαῖα,ἀρχαῖος,a-p---na-,OBJ
5993,ἀναλαβόντων,ἀναλαμβάνω,v-papamg-,ADV
5994,ἀριθμῷ,ἀριθμός,n-s---md-,OBJ
5995,.,.,u--------,AuxK
5996,ταῦτα,οὗτος,p-p---na-,OBJ
5997,καὶ,καί,c--------,AuxY
5998,τοὺς,ὁ,l-p---ma-,ATR
5999,τετελευτηκότας,τελευτάω,v-prpama-,SBJ
6000,ὑμῶν,σύ,p-p---cg-,ATR
6001,νομίζετε,νομίζω,v2ppma---,PRED
6002,δεῖσθαι,δέω,v--pnm---,OBJ_CO
6003,πατέρας,πατήρ,n-p---ma-,OBJ_CO
6004,καὶ,καί,c--------,AuxY
6005,ἀδελφοὺς,ἀδελφός,n-p---ma-,OBJ_CO
6006,καὶ,καί,c--------,COORD
6007,τοὺς,ὁ,l-p---ma-,ATR
6008,ἄλλους,ἄλλος,p-p---ma-,ATR
6009,οἰκείους,οἰκεῖος,a-p---ma-,OBJ_CO
6010,καὶ,καί,c--------,AuxY
6011,ἱκετεύειν,ἱκετεύω,v--pna---,OBJ_CO
6012,πρὸς,πρός,r--------,AuxP
6013,τῆς,ὁ,l-s---fg-,ATR
6014,ἑαυτῶν,ἑαυτοῦ,p-p---mg-,ATR
6015,μνήμης,μνήμη,n-s---fg-,ADV_CO
6016,καὶ,καί,c--------,COORD
6017,τοῦ,ὁ,l-s---ng-,ATR
6018,λοιποῦ,λοιπός,a-s---ng-,ATR
6019,τῆς,ὁ,l-s---fg-,ATR
6020,πόλεως,πόλις,n-s---fg-,ATR
6021,ἐδάφους,ἔδαφος,n-s---ng-,ADV_CO
6022,",",",",u--------,AuxX
6023,εἴ,εἰ,c--------,AuxC
6024,τι,τις,p-s---na-,OBJ
6025,χαρίζεσθαι,χαρίζω,v--pnm---,OBJ
6026,βούλεσθε,βούλομαι,v2ppim---,ADV
6027,αὐτοῖς,αὐτός,p-p---md-,OBJ
6028,",",",",u--------,AuxX
6029,μὴ,μή,d--------,AuxZ
6030,περιιδεῖν,περιοράω,v--pna---,OBJ_CO
6031,τὸ,ὁ,l-s---na-,ATR
6032,τῆς,ὁ,l-s---fg-,ATR
6033,Ῥόδου,Ῥόδος,n-s---fg-,ATR
6034,καθάπαξ,καθάπαξ,d--------,ADV
6035,ὄνομα,ὄνομα,n-s---na-,OBJ
6036,ἀπελθὸν,ἀπέρχομαι,v-sapana-,ADV
6037,ἐξ,ἐκ,r--------,AuxP
6038,ἀνθρώπων,ἄνθρωπος,n-p---mg-,ADV
6039,",",",",u--------,AuxX
6040,ἀλλ’,ἀλλά,c--------,AuxY
6041,ἐπαμῦναι,ἐπαμύνω,v--ana---,OBJ_CO
6042,καὶ,καί,c--------,COORD
6043,ἀναστῆσαι,ἀνίστημι,v--ana---,OBJ_CO
6044,καθ’,κατά,r--------,AuxP
6045,ὅσον,ὅσος,p-s---na-,ADV
6046,δύνασθε,δύναμαι,v2ppim---,OBJ
6047,.,.,u--------,AuxK
6048,ἀνασταίητε,ἀνίστημι,v2paoa---,PRED
6049,δὲ,δέ,c--------,AuxY
6050,εὐτυχεστέροις,εὐτυχής,a-p---ndc,ATR_CO
6051,καὶ,καί,c--------,COORD
6052,βελτίοσι,ἀγαθός,a-p---ndc,ATR_CO
6053,τοῖς,ὁ,l-p---nd-,ATR
6054,συμβόλοις,σύμβολον,n-p---nd-,OBJ
6055,",",",",u--------,AuxX
6056,Ζεῦ,Ζεύς,n-s---mv-,ExD_CO
6057,καὶ,καί,c--------,COORD
6058,πάντες,πᾶς,p-p---mv-,ATR
6059,θεοί,θεός,n-p---mv-,ExD_CO
6060,.,.,u--------,AuxK
