;form;lemmi;postag
0;,;[','];['u--------']
1;-δὲ;['δέ'];['c--------']
2;-δ’;['δέ'];['c--------']
3;-θ’;['τε'];['c--------', 'g--------']
4;-τε;['τε'];['c--------']
5;-τ’;['τε'];['c--------']
6;.;['.'];['u--------']
7;";";"[';']";['u--------']
8;E;['E'];['z--------']
9;·;['·'];['u--------']
10;Ἀσκληπιαδείους;['Ἀσκληπιάδειος'];['n-p---ma-']
11;Ἀφορισμοῖς;['Ἀφορισμός'];['n-p---md-']
12;Διοκλέους;['Διοκλῆς'];['n-s---mg-']
13;Ἐρασίστρατον;['Ἐρασίστρατος'];['n-s---ma-']
14;Ἐρασίστρατος;['Ἐρασίστρατος'];['n-s---mn-']
15;Ἐρασιστράτου;['Ἐρασίστρατος'];['n-s---mg-']
16;Ἐρασιστρατείους;['Ἐρασιστράτειος'];['n-p---ma-']
17;Ἐφεσίῳ;['Ἐφέσιος'];['a-s---md-']
18;Ἕλλησι;['Ἕλλην'];['n-p---md-']
19;Ἡ;['Ἡ'];['l-s---fn-']
20;Ἱπποκράτει;['Ἱπποκράτης'];['n-s---md-']
21;Ἱπποκράτην;['Ἱπποκράτης'];['n-s---ma-']
22;Ἱπποκράτης;['Ἱπποκράτης'];['n-s---mn-']
23;Ἱπποκράτους;['Ἱπποκράτης'];['n-s---mg-']
24;Ἱπποκρατείου;['Ἱπποκράτειος'];['a-s---mg-']
25;Μελάμποδος;['Μελάμπους'];['n-s---mg-']
26;Πέλοπι;['Πέλοψ'];['n-s---md-']
27;Περγάμῳ;['Πέργαμος'];['n-s---fd-']
28;Πλειστόνικόν;['Πλειστόνικος'];['n-s---ma-']
29;Πραξαγόραν;['Πραξαγόρας'];['n-s---ma-']
30;Πραξαγόρου;['Πραξαγόρας'];['n-s---mg-']
31;Πρὸς;['Πρός'];['n-s---mn-']
32;Προίτου;['Προῖτος'];['n-s---mg-']
33;Ῥούφῳ;['Ῥοῦφος'];['n-s---md-']
34;Σαβίνου;['Σαβῖνος'];['n-s---mg-']
35;Στρατόνικος;['Στρατόνικος'];['n-s---mn-']
36;Φιλότιμον;['Φιλότιμος'];['n-s---ma-']
37;ἂν;['ἄν'];['g--------']
38;ἄβρωτός;['ἄβρωτος'];['a-s---mn-']
39;ἄδηλον;['ἄδηλος'];['a-s---fa-']
40;ἄκρατος;['ἄκρατος'];['a-s---fn-']
41;ἄλλα;['ἄλλος'];['p-p---na-', 'p-p---nn-']
42;ἄλλᾳ;['ἄλλῃ'];['d--------']
43;ἄλληλα;['ἀλλήλων'];['p-p---na-']
44;ἄλλο;['ἄλλος'];['p-s---na-']
45;ἄλλοθεν;['ἄλλοθεν'];['d--------']
46;ἄλλοις;['ἄλλος'];['p-p---nd-', 'p-p---md-']
47;ἄλλοτ’;['ἄλλοτε'];['d--------']
48;ἄλλων;['ἄλλος'];['p-p---ng-']
49;ἄλλως;['ἄλλος'];['d--------']
50;ἄμεινον;['ἀγαθός'];['a-s---nnc']
51;ἄμφω;['ἄμφω'];['p-d---nn-']
52;ἄν;['ἄν'];['g--------']
53;ἄναιμα;['ἄναιμος'];['a-p---nn-']
54;ἄνευ;['ἄνευ'];['r--------']
55;ἄνθρακα;['ἄνθραξ'];['n-s---ma-']
56;ἄνθρακας;['ἄνθραξ'];['n-p---ma-']
57;ἄνθραξ;['ἄνθραξ'];['n-s---mn-']
58;ἄνθρωπον;['ἄνθρωπος'];['n-s---ma-']
59;ἄνθρωπος;['ἄνθρωπος'];['n-s---mn-']
60;ἄνω;['ἄνω'];['d--------']
61;ἄξιον;['ἄξιος'];['a-s---nn-']
62;ἄπεπτον;['ἄπεπτος'];['a-s---na-']
63;ἄποιον;['ἄποιος'];['a-s---nn-']
64;ἄριστα;['ἀγαθός'];['a-p---nns', 'a-p---nas']
65;ἄριστόν;['ἀγαθός'];['a-s---nns']
66;ἄριστοι;['ἀγαθός'];['a-p---mns']
67;ἄρκτων;['ἄρκτος'];['n-p---fg-']
68;ἄρξηται;['ἄρχω'];['v3sasm---']
69;ἄρσιν;['ἄρσις'];['n-s---fa-']
70;ἄρτι;['ἄρτι'];['d--------']
71;ἄχρηστόν;['ἄχρηστος'];['a-s---na-']
72;ἄχρηστον;['ἄχρηστος'];['a-s---ma-', 'a-s---nn-', 'a-s---fa-']
73;ἄχρι;['ἄχρι'];['r--------']
74;ἆρ’;['ἆρα'];['g--------']
75;ἀβοηθήτως;['ἀβοήθητος'];['d--------']
76;ἀβρώτου;['ἄβρωτος'];['a-s---mg-']
77;ἀγαθὰς;['ἀγαθός'];['a-p---fa-']
78;ἀγαθαὶ;['ἀγαθός'];['a-p---fn-']
79;ἀγαθός;['ἀγαθός'];['a-s---mn-']
80;ἀγαθῷ;['ἀγαθός'];['a-s---nd-']
81;ἀγγείοις;['ἀγγεῖον'];['n-p---nd-']
82;ἀγγείου;['ἀγγεῖον'];['n-s---ng-']
83;ἀγγείων;['ἀγγεῖον'];['n-p---ng-']
84;ἀγγεῖα;['ἀγγεῖον'];['n-p---na-']
85;ἀγκῶνι;['ἀγκών'];['n-s---md-']
86;ἀγρυπνιῶν;['ἀγρυπνία'];['n-p---fg-']
87;ἀγωγὸν;['ἀγωγός'];['a-s---na-']
88;ἀδάμαντος;['ἀδάμας'];['a-s---ng-']
89;ἀδίκου;['ἄδικος'];['a-s---fg-']
90;ἀδιορίστως;['ἀδιόριστος'];['d--------']
91;ἀδύνατον;['ἀδύνατος'];['a-s---nn-']
92;ἀέρι;['ἀήρ'];['n-s---md-']
93;ἀεὶ;['ἀεί'];['d--------']
94;ἀζήτητον;['ἀζήτητος'];['a-s---na-']
95;ἀθεώρητον;['ἀθεώρητος'];['a-s---na-']
96;ἀθληταὶ;['ἀθλητής'];['n-p---mn-']
97;ἀθλητῇ;['ἀθλητής'];['n-s---md-']
98;ἀθρόως;['ἀθρόος'];['d--------']
99;ἀθροίζειν;['ἀθροίζω'];['v--pna---']
100;ἀθροίζεται;['ἀθροίζω'];['v3spim---']
101;ἀθροίζοντας;['ἀθροίζω'];['v-pppama-']
102;ἀθροιζόμενος;['ἀθροίζω'];['v-sppmmn-']
103;ἀκηκοέναι;['ἀκούω'];['v--rna---']
104;ἀκινδύνως;['ἀκίνδυνος'];['d--------']
105;ἀκόντων;['ἄκων'];['a-p---mg-']
106;ἀκολουθίαν;['ἀκολουθία'];['n-s---fa-']
107;ἀκούοντες;['ἀκούω'];['v-pppamn-']
108;ἀκούουσιν;['ἀκούω'];['v-pppamd-']
109;ἀκουόντων;['ἀκούω'];['v-pppamg-']
110;ἀκριβὴς;['ἀκριβής'];['a-s---fn-']
111;ἀκριβῆ;['ἀκριβής'];['a-s---fa-']
112;ἀκριβοῦς;['ἀκριβής'];['a-s---fg-']
113;ἀκριβῶς;['ἀκριβής'];['d--------']
114;ἀλγέει;['ἀλγέω'];['v3spia---']
115;ἀληθὲς;['ἀληθής'];['a-s---nn-']
116;ἀληθέσταστόν;['ἀληθέσταστος'];['a-s---nns']
117;ἀληθείας;['ἀλήθεια'];['n-s---fg-']
118;ἀληθεύειν;['ἀληθεύω'];['v--pna---']
119;ἀληθεύουσιν;['ἀληθεύω'];['v3ppia---']
120;ἀληθῆ;['ἀληθής'];['a-p---nn-']
121;ἀλλὰ;['ἀλλά'];['c--------']
122;ἀλλήλοις;['ἀλλήλων'];['p-p---md-']
123;ἀλλοιούμενον;['ἀλλοιόω'];['v-sppmna-']
124;ἀλλοιοῦσθαι;['ἀλλοιόω'];['v--pnm---']
125;ἀλλοιουμένου;['ἀλλοιόω'];['v-sppmng-']
126;ἀλλοιουμένους;['ἀλλοιόω'];['v-pppmma-']
127;ἀλλ’;['ἀλλά'];['c--------']
128;ἀλόγῳ;['ἄλογος'];['a-s---fd-']
129;ἀμελῶς;['ἀμελής'];['d--------']
130;ἀμόργη;['ἀμόργη'];['n-s---fn-']
131;ἀμόργῃ;['ἀμόργη'];['n-s---fd-']
132;ἀμφότεραι;['ἀμφότερος'];['a-p---fn-']
133;ἀμφοτέρας;['ἀμφότερος'];['a-p---fa-']
134;ἀνάγκη;['ἀνάγκη'];['n-s---fn-']
135;ἀνάλογον;['ἀνάλογος'];['a-s---na-']
136;ἀναβρώσεως;['ἀνάβρωσις'];['n-s---fg-']
137;ἀναγινωσκόντων;['ἀναγιγνώσκω'];['v-pppamg-']
138;ἀναγκάσῃς;['ἀναγκάζω'];['v2sasa---']
139;ἀναγκαζομένων;['ἀναγκάζω'];['v-pppmmg-']
140;ἀναγκαία;['ἀναγκαῖος'];['a-s---fn-']
141;ἀναγκαίαν;['ἀναγκαῖος'];['a-s---fa-']
142;ἀναγκαῖον;['ἀναγκαῖος'];['a-s---nn-']
143;ἀναγκαιότατα;['ἀναγκαῖος'];['a-p---nas']
144;ἀναγκασθεὶς;['ἀναγκάζω'];['v-sappmn-']
145;ἀναγράφεται;['ἀναγράφω'];['v3spim---']
146;ἀναδιδομένοις;['ἀναδίδωμι'];['v-pppmnd-']
147;ἀναδιδομένου;['ἀναδίδωμι'];['v-sppmng-']
148;ἀναίρεσιν;['ἀναίρεσις'];['n-s---fa-']
149;ἀναιρέσεις;['ἀναίρεσις'];['n-p---fa-']
150;ἀναστομώσασα;['ἀναστομόω'];['v-sapafn-']
151;ἀναφέρειν;['ἀναφέρω'];['v--pna---']
152;ἀνδράσι;['ἀνήρ'];['n-p---md-']
153;ἀνδρὶ;['ἀνήρ'];['n-s---md-']
154;ἀνεγνωκέναι;['ἀναγιγνώσκω'];['v--rna---']
155;ἀνεγνωκὼς;['ἀναγιγνώσκω'];['v-srpamn-']
156;ἀνευρύνει;['ἀνευρύνω'];['v3spia---']
157;ἀνὴρ;['ἀνήρ'];['n-s---mn-']
158;ἀνθρώποις;['ἄνθρωπος'];['n-p---md-']
159;ἀνθρώπου;['ἄνθρωπος'];['n-s---mg-']
160;ἀνθρώπῳ;['ἄνθρωπος'];['n-s---fd-']
161;ἀνθρώπων;['ἄνθρωπος'];['n-p---mg-']
162;ἀνθρωπίνῳ;['ἀνθρώπινος'];['a-s---nd-']
163;ἀνίατα;['ἀνίατος'];['a-p---na-']
164;ἀνίατον;['ἀνίατος'];['a-s---nn-', 'a-s---fa-']
165;ἀντιλέγειν;['ἀντιλέγω'];['v--pna---']
166;ἀντιλέγοντα;['ἀντιλέγω'];['v-sppama-']
167;ἀντιλέγοντες;['ἀντιλέγω'];['v-pppamn-']
168;ἀντιλογίας;['ἀντιλογία'];['n-p---fa-']
169;ἀπαθῶν;['ἀπαθής'];['a-p---mg-']
170;ἀπαίδευτός;['ἀπαίδευτος'];['a-s---mn-']
171;ἀπέδειξεν;['ἀποδείκνυμι'];['v3saia---']
172;ἀπέθανον;['ἀποθνῄσκω'];['v3paia---']
173;ἀπέπιπτε;['ἀποπίπτω'];['v3siia---']
174;ἀπεδείξαμεν;['ἀποδείκνυμι'];['v1paia---']
175;ἀπεφήναντο;['ἀποφαίνω'];['v3paim---']
176;ἀπεφήνατο;['ἀποφαίνω'];['v3saim---']
177;ἀπιστεῖν;['ἀπιστέω'];['v--pna---']
178;ἀπιστήσεις;['ἀπιστέω'];['v2sfia---']
179;ἀπλήστως;['ἄπληστος'];['d--------']
180;ἀπὸ;['ἀπό'];['r--------']
181;ἀπόκρισιν;['ἀπόκρισις'];['n-s---fa-']
182;ἀπόστασιν;['ἀπόστασις'];['n-s---fa-']
183;ἀποδέδεικται;['ἀποδείκνυμι'];['v3srim---']
184;ἀποδέχεσθαι;['ἀποδέχομαι'];['v--pnm---']
185;ἀποδείκνυσι;['ἀποδείκνυμι'];['v3spia---']
186;ἀποδείξεις;['ἀπόδειξις'];['n-p---fa-']
187;ἀποδείξεων;['ἀπόδειξις'];['n-p---fg-']
188;ἀποδεικνύναι;['ἀποδείκνυμι'];['v--pna---']
189;ἀποδειχθέντος;['ἀποδείκνυμι'];['v-sappng-']
190;ἀποδειχθῆναι;['ἀποδείκνυμι'];['v--anp---']
191;ἀποδιδῷ;['ἀποδίδωμι'];['v3spsa---']
192;ἀποκνήσομεν;['ἀποκνέω'];['v1pfia---']
193;ἀποκρίνεσθαι;['ἀποκρίνω'];['v--pnm---']
194;ἀποκρίνεται;['ἀποκρίνω'];['v3spim---']
195;ἀποκύησιν;['ἀποκύησις'];['n-s---fa-']
196;ἀπολαύει;['ἀπολαύω'];['v3spia---']
197;ἀποπληξίας;['ἀποπληξία'];['n-s---fg-']
198;ἀπορρυπτόμενον;['ἀπορρύπτω'];['v-sppmnn-']
199;ἀποτελοῦνται;['ἀποτελέω'];['v3ppim---']
200;ἀποτίθεται;['ἀποτίθημι'];['v3spim---']
201;ἀποφάσεως;['ἀπόφασις'];['n-s---fg-']
202;ἀποφαίνουσι;['ἀποφαίνω'];['v3ppia---']
203;ἀποφήνασθαι;['ἀποφαίνω'];['v--anm---']
204;ἀποχεῖν;['ἀποχέω'];['v--pna---']
205;ἀπ’;['ἀπό'];['r--------']
206;ἀραχνοειδέας;['ἀραχνοειδής'];['a-p---fa-']
207;ἀριθμῆσαι;['ἀριθμέω'];['v--ana---']
208;ἀρκεῖ;['ἀρκέω'];['v3spia---']
209;ἀρξάμενοι;['ἄρχω'];['v-papmmn-']
210;ἀρξάμενον;['ἄρχω'];['v-sapmma-']
211;ἀρξάμενος;['ἄρχω'];['v-sapmmn-']
212;ἀρτηρία;['ἀρτηρία'];['n-s---fn-']
213;ἀρτηρίαις;['ἀρτηρία'];['n-p---fd-']
214;ἀρτηρίαν;['ἀρτηρία'];['n-s---fa-']
215;ἀρτηριῶν;['ἀρτηρία'];['n-p---fg-']
216;ἀρχὰς;['ἀρχή'];['n-p---fa-']
217;ἀρχαῖον;['ἀρχαῖος'];['a-s---nn-']
218;ἀρχὴ;['ἀρχή'];['n-s---fn-']
219;ἀρχὴν;['ἀρχή'];['n-s---fa-']
220;ἀρχῇ;['ἀρχή'];['n-s---fd-']
221;ἀσάφεια;['ἀσάφεια'];['n-s---fn-']
222;ἀσθενεστέρας;['ἀσθενής'];['a-p---fac']
223;ἀσιτίαις;['ἀσιτία'];['n-p---fd-']
224;ἀσκίτας;['ἀσκίτης'];['n-p---ma-']
225;ἀσκίτης;['ἀσκίτης'];['n-s---mn-']
226;ἀσφάλειαν;['ἀσφάλεια'];['n-s---fa-']
227;ἀσφαλής;['ἀσφαλής'];['a-s---fn-']
228;ἀτονίαν;['ἀτονία'];['n-s---fa-']
229;ἀφεῖναι;['ἀφίημι'];['v--ana---']
230;ἀφελεῖν;['ἀφαιρέω'];['v--ana---']
231;ἀφίστανται;['ἀφίστημι'];['v3ppim---']
232;ἀφ’;['ἀπό'];['r--------']
233;ἀχρηστοτέρων;['ἄχρηστος'];['a-p---ngc']
234;ἀχροίας;['ἄχροια'];['n-p---fa-']
235;ἃ;['ὅς'];['p-p---na-']
236;ἅλμης;['ἅλμη'];['n-s---fg-']
237;ἅμα;['ἅμα'];['d--------']
238;ἅπαν;['ἅπας'];['p-s---na-']
239;ἅπαντα;['ἅπας'];['p-p---na-', 'p-p---nn-']
240;ἅπαντας;['ἅπας'];['p-p---ma-']
241;ἅπαντες;['ἅπας'];['p-p---mn-']
242;ἅπαντι;['ἅπας'];['p-s---md-']
243;ἅπαντ’;['ἅπας'];['p-p---nn-']
244;ἅπαξ;['ἅπαξ'];['d--------']
245;ἅπασι;['ἅπας'];['p-p---nd-']
246;ἅτε;['ἅτε'];['d--------']
247;ἁλμυρὸν;['ἁλμυρός'];['a-s---ma-']
248;ἁλυκὸν;['ἁλυκός'];['a-s---ma-', 'a-s---nn-', 'a-s---na-']
249;ἁλυκότητα;['ἁλυκότης'];['n-s---fa-']
250;ἁλῶναι;['ἁλίσκομαι'];['v--ana---']
251;ἁπάντων;['ἅπας'];['p-p---ng-']
252;ἁπλῶς;['ἁπλῶς'];['d--------']
253;αἴσθησις;['αἴσθησις'];['n-s---fn-']
254;αἴτιός;['αἴτιος'];['a-s---mn-']
255;αἴτιον;['αἴτιος'];['a-s---nn-']
256;αἴτιος;['αἴτιος'];['a-s---mn-']
257;αἰδούμενον;['αἰδέομαι'];['v-sppmma-']
258;αἰδούμενος;['αἰδέομαι'];['v-sppmmn-']
259;αἰσθήσει;['αἴσθησις'];['n-s---fd-']
260;αἰσθηταῖς;['αἰσθητός'];['a-p---fd-']
261;αἰσθητικῶς;['αἰσθητικός'];['d--------']
262;αἰτίαν;['αἰτία'];['n-s---fa-']
263;αἰτίας;['αἰτία'];['n-p---fa-', 'n-s---fg-']
264;αἰτίους;['αἴτιος'];['a-p---ma-']
265;αἰτιᾶσθαι;['αἰτιάομαι'];['v--pnm---']
266;αἱ;['ὁ'];['l-p---fn-']
267;αἵ;['ὁ'];['l-p---fn-']
268;αἵματι;['αἷμα'];['n-s---nd-']
269;αἵματί;['αἷμα'];['n-s---nd-']
270;αἵματος;['αἷμα'];['n-s---ng-']
271;αἷμα;['αἷμα'];['n-s---nn-', 'n-s---na-']
272;αἱμορραγήσει;['αἱμορραγέω'];['v3sfia---']
273;αἱμορροΐδα;['αἱμορροίς'];['n-s---fa-']
274;αἱμορροΐδας;['αἱμορροίς'];['n-p---fa-']
275;αἱμορροΐδος;['αἱμορροΐς'];['n-s---fg-']
276;αἱρέσεις;['αἵρεσις'];['n-p---fa-']
277;αἱρέσεσιν;['αἵρεσις'];['n-p---fd-']
278;αἱρέσεως;['αἵρεσις'];['n-s---fg-']
279;αὖ;['αὖ'];['d--------']
280;αὖθις;['αὖθις'];['d--------']
281;αὐξάνεσθαι;['αὐξάνω'];['v--pnm---']
282;αὐξανούσης;['αὐξάνω'];['v-sppafg-']
283;αὐξηθῆναι;['αὐξάνω'];['v--anp---']
284;αὐστηρός;['αὐστηρός'];['a-s---mn-']
285;αὐτὰ;['αὐτός'];['p-p---na-']
286;αὐτέη;['αὐτε͂ος'];['a-s---fn-']
287;αὐτέῳ;['αὐτός'];['p-s---md-']
288;αὐτὴ;['αὐτός'];['p-s---fn-']
289;αὐτὴν;['αὐτός'];['p-s---fa-']
290;αὐτῇ;['αὐτός'];['p-s---fd-']
291;αὐτῆς;['αὐτός'];['p-s---fg-']
292;αὐτίκα;['αὐτίκα'];['d--------']
293;αὐτὸ;['αὐτός'];['p-s---na-']
294;αὐτὸν;['αὐτός'];['p-s---ma-']
295;αὐτὸς;['αὐτός'];['p-s---mn-']
296;αὐτό;['αὐτός'];['p-s---na-', 'p-s---nn-']
297;αὐτόν;['αὐτός'];['p-s---ma-']
298;αὐτοὶ;['αὐτός'];['p-p---mn-']
299;αὐτοῖς;['αὐτός'];['p-p---nd-', 'p-p---md-']
300;αὐτούς;['αὐτός'];['p-p---ma-']
301;αὐτοῦ;['αὐτός'];['p-s---mg-', 'p-s---ng-']
302;αὐτῷ;['αὐτός'];['p-s---md-']
303;αὐτῶν;['αὐτός'];['p-p---mg-', 'p-p---fg-', 'p-p---ng-']
304;αὐχμώδεσιν;['αὐχμώδης'];['a-p---nd-']
305;αὕτη;['οὗτος'];['p-s---fn-']
306;αὗται;['οὗτος'];['p-p---fn-']
307;βάθει;['βάθος'];['n-s---nd-']
308;βάθος;['βάθος'];['n-s---na-']
309;βάθους;['βάθος'];['n-s---ng-']
310;βασανίσαντες;['βασανίζω'];['v-papamn-']
311;βέλτιον;['ἀγαθός'];['a-s---nnc', 'a-s---nac']
312;βεβαίως;['βέβαιος'];['d--------']
313;βίον;['βίος'];['n-s---ma-']
314;βίου;['βίος'];['n-s---mg-']
315;βλάβην;['βλάβη'];['n-s---fa-']
316;βλάπτειν;['βλάπτω'];['v--pna---']
317;βλάπτεται;['βλάπτω'];['v3spim---']
318;βλάψεις;['βλάπτω'];['v2sfia---']
319;βλαπτόντον;['βλάπτο'];['v-sppmna-']
320;βοήθημα;['βοήθημα'];['n-s---nn-']
321;βουληθέντι;['βούλομαι'];['v-sappmd-']
322;βουλόμενον;['βούλομαι'];['v-sppmma-']
323;βουσὶ;['βοῦς'];['n-p---md-']
324;βραχέσι;['βραχύς'];['a-p---nd-']
325;βραχὺ;['βραχύς'];['a-s---na-']
326;βραχυτάτην;['βραχύς'];['a-s---fas']
327;βρωθῆναι;['βιβρώσκω'];['v--anp---']
328;γὰρ;['γάρ'];['g--------']
329;γάρ;['γάρ'];['g--------']
330;γαστέρα;['γαστήρ'];['n-s---fa-']
331;γαστρὶ;['γαστήρ'];['n-s---fd-']
332;γαστρὸς;['γαστήρ'];['n-s---fg-']
333;γαστρός;['γαστήρ'];['n-s---fg-']
334;γε;['γε'];['g--------']
335;γέγραπται;['γράφω'];['v3srim---']
336;γένεσιν;['γένεσις'];['n-s---fa-']
337;γένεσις;['γένεσις'];['n-s---fn-']
338;γένηται;['γίγνομαι'];['v3sasm---']
339;γένηταί;['γίγνομαι'];['v3sasm---']
340;γένους;['γένος'];['n-s---ng-']
341;γεγένηται;['γίγνομαι'];['v3srim---']
342;γεγονέναι;['γίγνομαι'];['v--rna---']
343;γεγονὸς;['γίγνομαι'];['v-srpann-']
344;γεγράφασιν;['γράφω'];['v3pria---']
345;γεγραμμένα;['γράφω'];['v-prpmna-']
346;γεγραμμένων;['γράφω'];['v-prpmng-']
347;γελοῖοι;['γέλοιος'];['a-p---mn-']
348;γενέσεως;['γένεσις'];['n-s---fg-']
349;γενέσθαι;['γίγνομαι'];['v--anm---']
350;γενήσεται;['γίγνομαι'];['v3sfim---']
351;γενησομένης;['γίγνομαι'];['v-sfpmfg-']
352;γεννᾷ;['γεννάω'];['v3spia---']
353;γεννᾷν;['γεννάω'];['v--pna---']
354;γεννᾶσθαι;['γεννάω'];['v--pnm---']
355;γεννᾶσθαί;['γεννάω'];['v--pnm---']
356;γεννᾶται;['γεννάω'];['v3spim---']
357;γενναίως;['γενναῖος'];['d--------']
358;γεννηθέντι;['γεννάω'];['v-sappnd-']
359;γεννώμενον;['γεννάω'];['v-sppmnn-']
360;γεννῶντα;['γεννάω'];['v-pppana-']
361;γενόμενος;['γίγνομαι'];['v-sapmmn-']
362;γενομένην;['γίγνομαι'];['v-sapmfa-']
363;γενομένης;['γίγνομαι'];['v-sapmfg-']
364;γεύσασθαι;['γεύω'];['v--anm---']
365;γεῦσιν;['γεῦσις'];['n-s---fa-']
366;γεῦσις;['γεῦσις'];['n-s---fn-']
367;γῆν;['γῆ'];['n-s---fa-']
368;γηράσασι;['γηράσκω'];['v-papamd-']
369;γίγνεσθαι;['γίγνομαι'];['v--pnm---']
370;γίγνοιτο;['γίγνομαι'];['v3spom---']
371;γίνεσθαι;['γίγνομαι'];['v--pnm---']
372;γίνεσθαί;['γίγνομαι'];['v--pnm---']
373;γίνεται;['γίγνομαι'];['v3spim---']
374;γίνονται;['γίγνομαι'];['v3ppim---']
375;γινόμενα;['γίγνομαι'];['v-pppmna-', 'v-pppmnn-']
376;γινόμεναι;['γίγνομαι'];['v-pppmfn-']
377;γινόμενον;['γίγνομαι'];['v-sppmna-', 'v-sppmnn-']
378;γινόμενος;['γίγνομαι'];['v-sppmmn-']
379;γινομένας;['γίγνομαι'];['v-pppmfa-']
380;γινομένην;['γίγνομαι'];['v-sppmfa-']
381;γινομένης;['γίγνομαι'];['v-sppmfg-']
382;γινομένων;['γίγνομαι'];['v-pppmng-']
383;γινώσκεσθαι;['γιγνώσκω'];['v--pnm---']
384;γινώσκουσι;['γιγνώσκω'];['v3ppia---']
385;γινωσκόντων;['γιγνώσκω'];['v-pppamg-']
386;γλαυκῆς;['γλαυκός'];['a-s---fg-']
387;γλίσχρον;['γλίσχρος'];['a-s---na-']
388;γλίσχρος;['γλίσχρος'];['a-s---mn-']
389;γλίσχρους;['γλίσχρος'];['a-p---ma-']
390;γλυκείας;['γλυκύς'];['a-s---fg-']
391;γλυκεῖαν;['γλυκύς'];['a-s---fa-']
392;γλυκὺ;['γλυκύς'];['a-s---nn-']
393;γλυκύτητα;['γλυκύτης'];['n-s---fa-']
394;γνόντες;['γιγνώσκω'];['v-papamn-']
395;γνοίη;['γιγνώσκω'];['v3saoa---']
396;γνώμην;['γνώμη'];['n-s---fa-']
397;γνώρισμα;['γνώρισμα'];['n-s---na-']
398;γνώσεως;['γνῶσις'];['n-s---fg-']
399;γνωρίσμασι;['γνώρισμα'];['n-p---nd-']
400;γνωρίσματα;['γνώρισμα'];['n-p---na-']
401;γνωριμωτάτου;['γνώριμος'];['a-s---ngs']
402;γοῦν;['γοῦν'];['g--------']
403;γράμμασιν;['γράμμα'];['n-p---nd-']
404;γράφειν;['γράφω'];['v--pna---']
405;γράφοντος;['γράφω'];['v-sppamg-']
406;γράψαι;['γράφω'];['v--ana---']
407;γράψαντος;['γράφω'];['v-sapamg-']
408;γράψας;['γράφω'];['v-sapamn-']
409;γραψάντων;['γράφω'];['v-papamg-']
410;γυμνάζεσθαι;['γυμνάζω'];['v--pnm---']
411;γυμναστικοὶ;['γυμναστικός'];['a-p---mn-']
412;γυναίου;['γύναιον'];['n-s---ng-']
413;γυναῖκας;['γυνή'];['n-p---fa-']
414;γυναικῶν;['γυνή'];['n-p---fg-']
415;γυναιξὶ;['γυνή'];['n-p---fd-']
416;γωγὸν;['γωγός'];['a-s---na-']
417;γ’;['γε'];['g--------']
418;δὲ;['δέ'];['c--------']
419;δέ;['δέ'];['c--------']
420;δέδεικται;['δείκνυμι'];['v3srim---']
421;δέρμα;['δέρμα'];['n-s---nn-', 'n-s---na-']
422;δέρματος;['δέρμα'];['n-s---ng-']
423;δεῖ;['δέω'];['v3spia---']
424;δεῖν;['δέω'];['v--pna---']
425;δεῖσθαι;['δέω'];['v--pnm---']
426;δεύτερον;['δεύτερος'];['a-s---na-']
427;δεῦρο;['δεῦρο'];['d--------']
428;δευτέρῳ;['δεύτερος'];['a-s---md-']
429;δὴ;['δή'];['g--------']
430;δή;['δή'];['g--------']
431;δήπου;['δήπου'];['g--------']
432;δῆλός;['δῆλος'];['a-s---mn-']
433;δῆλον;['δῆλος'];['a-s---nn-', 'a-s---na-']
434;δῆξιν;['δῆξις'];['n-s---fa-']
435;δηλοῖ;['δηλόω'];['v3spia---']
436;δηλονότι;['δηλονότι'];['d--------']
437;δημιουργὸς;['δημιουργός'];['n-s---mn-']
438;δίαιταν;['δίαιτα'];['n-s---fa-']
439;δίδομεν;['δίδωμι'];['v1ppia---']
440;διὰ;['διά'];['r--------']
441;διά;['διά'];['r--------']
442;διάγνωσίν;['διάγνωσις'];['n-s---fa-']
443;διάθεσιν;['διάθεσις'];['n-s---fa-']
444;διάκειται;['διάκειμαι'];['v3spim---']
445;διάλυσιν;['διάλυσις'];['n-s---fa-']
446;διαβιβρώσκουσα;['διαβιβρώσκω'];['v-sppafn-']
447;διαβιβρώσκουσαι;['διαβιβρώσκω'];['v-pppafn-']
448;διαβιβρωσκομένου;['διαβιβρώσκω'];['v-sppmng-']
449;διαγνῶναι;['διαγιγνώσκω'];['v--ana---']
450;διαζῇ;['διαζάω'];['v3spia---']
451;διαθέσεως;['διάθεσις'];['n-s---fg-']
452;διαιρεθὲν;['διαιρέω'];['v-sappnn-']
453;διαιτήματα;['διαίτημα'];['n-p---na-']
454;διαιτῶνται;['διαιτάω'];['v3ppsm---']
455;διακειμένῳ;['διάκειμαι'];['v-srpmmd-']
456;διακοσίων;['διακόσιοι'];['m-p---ng-']
457;διακρίνουσά;['διακρίνω'];['v-sppafn-']
458;διακρίσεως;['διάκρισις'];['n-s---fg-']
459;διακρινομένη;['διακρίνω'];['v-sppmfn-']
460;διαλύσασθαι;['διαλύω'];['v--anm---']
461;διαμένειν;['διαμένω'];['v--pna---']
462;διαπαντὸς;['διαπαντός'];['d--------']
463;διαπλάσασαν;['διαπλάσσω'];['v-sapafa-']
464;διαπλάττουσα;['διαπλήσσω'];['v-sppafn-']
465;διαπλαττούσης;['διαπλήσσω'];['v-sppafg-']
466;διαπνοὴν;['διαπνοή'];['n-s---fa-']
467;διαπνοήν;['διαπνοή'];['n-s---fa-']
468;διαρκέσαι;['διαρκέω'];['v--ana---']
469;διαστροφῇ;['διαστροφή'];['n-s---fd-']
470;διασωθέντων;['διασῴζω'];['v-pappmg-']
471;διατεινόμεναί;['διατείνω'];['v-pppmfn-']
472;διαφέρει;['διαφέρω'];['v3spia---']
473;διαφέροντα;['διαφέρω'];['v-pppann-']
474;διαφέρουσι;['διαφέρω'];['v3ppia---']
475;διαφορᾶς;['διαφορά'];['n-s---fg-']
476;διαφοραὶ;['διαφορά'];['n-p---fn-']
477;διαφορηθῇ;['διαφορέω'];['v3sasp---']
478;διαφορουμένων;['διαφορέω'];['v-pppmmg-']
479;διαφορῶν;['διαφορά'];['n-p---fg-']
480;διαχωρεῖσθαι;['διαχωρέω'];['v--pnm---']
481;διαχωρεῖται;['διαχωρέω'];['v3spim---']
482;διαχωρήσεσιν;['διαχώρησις'];['n-p---fd-']
483;διαχωρημάτων;['διαχώρημα'];['n-p---ng-']
484;διαχωρούντων;['διαχωρέω'];['v-pppamg-']
485;διαχωρουμένων;['διαχωρέω'];['v-pppmng-']
486;διδασκάλῳ;['διδάσκαλος'];['n-s---md-']
487;διδασκάλων;['διδάσκαλος'];['n-p---mg-']
488;διδασκαλίας;['διδασκαλία'];['n-s---fg-']
489;διδόμενα;['δίδωμι'];['v-pppmna-']
490;διειλόμην;['διαιρέω'];['v1saim---']
491;διελθεῖν;['διέρχομαι'];['v--ana---']
492;διελθὼν;['διέρχομαι'];['v-sapamn-']
493;διεξέρχεται;['διεξέρχομαι'];['v3spim---']
494;διεξελθεῖν;['διεξέρχομαι'];['v--ana---']
495;διευρυνόμεναι;['διευρύνω'];['v-pppmfn-']
496;διεχώρησαν;['διαχωρέω'];['v3paia---']
497;διῆλθεν;['διέρχομαι'];['v3saia---']
498;διῆλθον;['διέρχομαι'];['v1saia---']
499;διηγήσομαι;['διηγέομαι'];['v1sfim---']
500;διηγούμενος;['διηγέομαι'];['v-sppmmn-']
501;δικαίου;['δίκαιος'];['a-s---ng-']
502;διοικοῦσαν;['διοικέω'];['v-sppafa-']
503;διορίζεται;['διορίζω'];['v3spim---']
504;διορίσασθαι;['διορίζω'];['v--anm---']
505;διορίσασθαί;['διορίζω'];['v--anm---']
506;διορισμοῦ;['διορισμός'];['n-s---mg-']
507;διπλῆν;['διπλόος'];['a-s---fa-']
508;διττὴν;['δισσός'];['a-s---fa-']
509;διώρισται;['διορίζω'];['v3srim---']
510;δι’;['διά'];['r--------']
511;δόντες;['δίδωμι'];['v-papamn-']
512;δόξαν;['δόξα'];['n-s---fa-']
513;δόξει;['δοκέω'];['v3sfia---']
514;δόξης;['δόξα'];['n-s---fg-']
515;δοίη;['δίδωμι'];['v3saoa---']
516;δοίης;['δίδωμι'];['v2saoa---']
517;δοκεῖ;['δοκέω'];['v3spia---']
518;δοκούντων;['δοκέω'];['v-pppamg-']
519;δοκοῦντος;['δοκέω'];['v-sppang-']
520;δοκοῦσι;['δοκέω'];['v3ppia---']
521;δραστικώτερος;['δραστικός'];['a-s---mnc']
522;δριμύτερον;['δριμύς'];['a-s---nnc']
523;δριμυτάτῳ;['δριμύς'];['a-s---nds']
524;δύναμιν;['δύναμις'];['n-s---fa-']
525;δύνασθαι;['δύναμαι'];['v--pnm---']
526;δύναται;['δύναμαι'];['v3spim---']
527;δυνάμει;['δύναμις'];['n-s---fd-']
528;δυνάμεων;['δύναμις'];['n-p---fg-']
529;δυνάμεως;['δύναμις'];['n-s---fg-']
530;δυνάμιος;['δύναμις'];['n-s---fg-']
531;δυναμένου;['δύναμαι'];['v-sppmng-']
532;δυνατὸν;['δυνατός'];['a-s---nn-']
533;δυνατόν;['δυνατός'];['a-s---nn-']
534;δυνήσεται;['δύναμαι'];['v3sfim---']
535;δυοῖν;['δύο'];['m-d----g-']
536;δυσβοηθήτως;['δυσβοήθητος'];['d--------']
537;δυσέκκριτον;['δυσέκκριτος'];['a-s---fa-']
538;δυσέκκριτος;['δυσέκκριτος'];['a-s---fn-']
539;δυσεντερίαν;['δυσεντερία'];['n-s---fa-']
540;δυσεντερίη;['δυσεντερία'];['n-s---fn-']
541;δυσκολίαν;['δυσκολία'];['n-s---fa-']
542;δυσκρασίαν;['δυσκρασία'];['n-s---fa-']
543;δυσώδεα;['δυσώδης'];['a-p---nn-']
544;δυσώδη;['δυσώδης'];['a-s---fa-']
545;δ’;['δέ'];['c--------']
546;ὲν;['εἰμί'];['v3piia---']
547;ἔγνωμεν;['γιγνώσκω'];['v1paia---']
548;ἔγραψα;['γράφω'];['v1saia---']
549;ἔγραψε;['γράφω'];['v3saia---']
550;ἔγραψεν;['γράφω'];['v3saia---']
551;ἔζευκται;['ζευκταίω'];['v3srim---']
552;ἔθος;['ἔθος'];['n-s---nn-']
553;ἔκκρισιν;['ἔκκρισις'];['n-s---fa-']
554;ἔκκρισις;['ἔκκρισις'];['n-s---fn-']
555;ἔλασσον;['ἐλαχύς'];['a-s---nnc']
556;ἔλαττον;['ἐλαχύς'];['a-s---nac']
557;ἔμεινεν;['μένω'];['v3saia---']
558;ἔμπαλιν;['ἔμπαλιν'];['d--------']
559;ἔμπροσθεν;['ἔμπροσθεν'];['r--------']
560;ἔν;['ἐν'];['r--------']
561;ἔνδοξος;['ἔνδοξος'];['a-s---fn-']
562;ἔνθα;['ἔνθα'];['d--------']
563;ἔνθεν;['ἔνθεν'];['d--------']
564;ἔνια;['ἔνιοι'];['a-p---na-', 'a-p---nn-']
565;ἔνιοι;['ἔνιοι'];['a-p---mn-']
566;ἔντερα;['ἔντερον'];['n-p---na-']
567;ἔντερον;['ἔντερον'];['n-s---nn-']
568;ἔξω;['ἔξω'];['d--------']
569;ἔξωθεν;['ἔξωθεν'];['d--------']
570;ἔοικεν;['ἔοικα'];['v3sria---']
571;ἔπειτα;['ἔπειτα'];['d--------']
572;ἔργα;['ἔργον'];['n-p---na-']
573;ἔργοις;['ἔργον'];['n-p---nd-']
574;ἔσεσθαι;['εἰμί'];['v--fnm---']
575;ἔστι;['εἰμί'];['v3spia---']
576;ἔστιν;['εἰμί'];['v3spia---']
577;ἔστ’;['ἔστε'];['c--------']
578;ἔσφηλέ;['σφάλλω'];['v3saia---']
579;ἔσχεν;['ἔχω'];['v3saia---']
580;ἔτι;['ἔτι'];['d--------']
581;ἔτους;['ἔτος'];['n-s---ng-']
582;ἔτ’;['ἔτι'];['d--------']
583;ἔφασαν;['φημί'];['v3piia---']
584;ἔφην;['φημί'];['v1siia---']
585;ἔχει;['ἔχω'];['v3spia---']
586;ἔχειν;['ἔχω'];['v--pna---']
587;ἔχῃ;['ἔχω'];['v3spsa---']
588;ἔχοι;['ἔχω'];['v3spoa---']
589;ἔχον;['ἔχω'];['v-sppann-']
590;ἔχοντα;['ἔχω'];['v-pppana-']
591;ἔχοντες;['ἔχω'];['v-pppamn-']
592;ἔχοντος;['ἔχω'];['v-sppang-', 'v-sppamg-']
593;ἔχουσα;['ἔχω'];['v-sppafn-']
594;ἔχουσά;['ἔχω'];['v-sppafn-']
595;ἔχουσι;['ἔχω'];['v-pppamd-', 'v3ppia---']
596;ἔχουσιν;['ἔχω'];['v3ppia---']
597;ἔχων;['ἔχω'];['v-sppamn-']
598;ἔωσιν;['εἰμί'];['v3ppsa---']
599;ἐὰν;['ἐάν'];['c--------']
600;ἐάν;['ἐάν'];['c--------']
601;ἐγγὺς;['ἐγγύς'];['d--------']
602;ἐγγυτάτω;['ἐγγύς'];['d--------']
603;ἐγέγραπτο;['γράφω'];['v3slim---']
604;ἐγένετο;['γίγνομαι'];['v3saim---']
605;ἐγίγνετο;['γίγνομαι'];['v3siim---']
606;ἐγίνωσκε;['γιγνώσκω'];['v3siia---']
607;ἐγκαταλαμβανόμενα;['ἐγκαταλαμβάνω'];['v-pppmnn-']
608;ἐγνωκότι;['γιγνώσκω'];['v-srpamd-']
609;ἐγνωσμένα;['γιγνώσκω'];['v-prpmna-']
610;ἐγὼ;['ἐγώ'];['p-s---cn-']
611;ἐδέσμασι;['ἔδεσμα'];['n-p---nd-']
612;ἐδείχθη;['δείκνυμι'];['v3saip---']
613;ἐδεσμάτων;['ἔδεσμα'];['n-p---ng-']
614;ἐδήλωσα;['δηλόω'];['v1saia---']
615;ἐδήλωσεν;['δηλόω'];['v3saia---']
616;ἐδίδαξεν;['διδάσκω'];['v3saia---']
617;ἐδυνήθησαν;['δύναμαι'];['v3paip---']
618;ἐδωδὴν;['ἐδωδή'];['n-s---fa-']
619;ἐζήλωσαν;['ζηλόω'];['v3paia---']
620;ἐθέλει;['ἐθέλω'];['v3spia---']
621;ἐθέλειν;['ἐθέλω'];['v--pna---']
622;ἐθέλεις;['ἐθέλω'];['v2spia---']
623;ἐθεασάμην;['θεάομαι'];['v1saim---']
624;ἐθελήσῃ;['ἐθέλω'];['v3sasa---']
625;ἐθεραπεύθη;['θεραπεύω'];['v3saip---']
626;ἐκ;['ἐκ'];['r--------']
627;ἐκείνη;['ἐκεῖνος'];['p-s---fn-']
628;ἐκείνῃ;['ἐκεῖνος'];['p-s---fd-']
629;ἐκείνην;['ἐκεῖνος'];['p-s---fa-']
630;ἐκείνοις;['ἐκεῖνος'];['p-p---nd-', 'p-p---md-']
631;ἐκείνου;['ἐκεῖνος'];['p-s---ng-']
632;ἐκείνῳ;['ἐκεῖνος'];['p-s---md-']
633;ἐκεῖνα;['ἐκεῖνος'];['p-p---na-']
634;ἐκκαθαίρειν;['ἐκκαθαίρω'];['v--pna---']
635;ἐκκαθαρῇ;['ἐκκαθαίρω'];['v2sfim---']
636;ἐκκενοῦμέν;['ἐκκενόω'];['v1ppia---']
637;ἐκκενοῦν;['ἐκκενόω'];['v--pna---']
638;ἐκκενοῦντι;['ἐκκενόω'];['v-sppand-']
639;ἐκκενοῦσιν;['ἐκκενόω'];['v-pppamd-']
640;ἐκκενοῦται;['ἐκκενόω'];['v3spim---']
641;ἐκκενουμένων;['ἐκκενόω'];['v-pppmng-']
642;ἐκκενῶσαι;['ἐκκενόω'];['v--ana---']
643;ἐκκόψῃ;['ἐκκόπτω'];['v3sasa---']
644;ἐκκρίνεσθαι;['ἐκκρίνω'];['v--pnm---']
645;ἐκκρίνεται;['ἐκκρίνω'];['v3spim---']
646;ἐκκρίνεταί;['ἐκκρίνω'];['v3spim---']
647;ἐκκρίσεως;['ἔκκρισις'];['n-s---fg-']
648;ἐκκρινόμενον;['ἐκκρίνω'];['v-sppmma-', 'v-sppmna-', 'v-sppmnn-']
649;ἐκκρινόμενος;['ἐκκρίνω'];['v-sppmmn-']
650;ἐκκριτικοὺς;['ἐκκριτικός'];['a-p---ma-']
651;ἐκπίπτων;['ἐκπίπτω'];['v-sppamn-']
652;ἐκρυῇ;['ἐκρέω'];['v3sasp---']
653;ἐκτέμνῃ;['ἐκτέμνω'];['v3spsa---']
654;ἐκτμηθεὶς;['ἐκτέμνω'];['v-sappmn-']
655;ἐκτὸς;['ἐκτός'];['r--------']
656;ἐκτός;['ἐκτός'];['r--------']
657;ἐκτρεπόμενόν;['ἐκτρέπω'];['v-sppmnn-']
658;ἐκτρεπόμενον;['ἐκτρέπω'];['v-sppmna-']
659;ἐκχεόμενον;['ἐκχέω'];['v-sppmnn-']
660;ἐκχεόμενος;['ἐκχέω'];['v-sppmmn-']
661;ἐκχυθῇ;['ἐκχέω'];['v3sasp---']
662;ἐλάχιστόν;['ἐλαχύς'];['a-s---mas']
663;ἐλάχιστον;['ἐλαχύς'];['a-s---nns']
664;ἐλάχιστος;['ἐλαχύς'];['a-s---mns']
665;ἐλαίῳ;['ἔλαιον'];['n-s---nd-']
666;ἐλαφρῶς;['ἐλαφρός'];['d--------']
667;ἐλέφαντα;['ἐλέφας'];['n-s---ma-']
668;ἐλέφαντάς;['ἐλέφας'];['n-p---ma-']
669;ἐλέφαντας;['ἐλέφας'];['n-p---ma-']
670;ἐλέφας;['ἐλέφας'];['n-s---mn-']
671;ἐλεγχομένους;['ἐλέγχω'];['v-pppmma-']
672;ἐλλεβόρου;['ἑλλέβορος'];['n-s---mg-']
673;ἐμαρτύρησε;['μαρτυρέω'];['v3saia---']
674;ἐμεῖσθαί;['ἐμέω'];['v--pnm---']
675;ἐμεῖταί;['ἐμέω'];['v3spim---']
676;ἐμελαγχόλησαν;['μελαγχολάω'];['v3paia---']
677;ἐμμήνου;['ἔμμηνος'];['a-s---fg-']
678;ἐμνημόνευσε;['μνημονεύω'];['v3saia---']
679;ἐμνημόνευσεν;['μνημονεύω'];['v3saia---']
680;ἐμούντων;['ἐμέω'];['v-pppamg-']
681;ἐμοῦ;['ἐμός'];['a-s---mg-']
682;ἐμοῦσιν;['ἐμέω'];['v-pppamd-']
683;ἐμουμένων;['ἐμέω'];['v-pppmng-']
684;ἐμφαινούσης;['ἐμφαίνω'];['v-sppafg-']
685;ἐμφανῆ;['ἐμφανής'];['a-s---fa-']
686;ἐμφερόμεναι;['ἐμφέρω'];['v-pppmfn-']
687;ἐν;['ἐν'];['r--------']
688;ἐναντίας;['ἐναντίος'];['a-s---fg-']
689;ἐναντιώτατα;['ἐναντίος'];['a-p---nas']
690;ἐναργὲς;['ἐναργής'];['a-s---nn-']
691;ἐναργῶς;['ἐναργής'];['d--------']
692;ἐνδέχεται;['ἐνδέχομαι'];['v3spim---']
693;ἐνδείκνυται;['ἐνδείκνυμι'];['v3spim---']
694;ἐνδεῖν;['ἐνδέω'];['v--pna---']
695;ἐνδόξοις;['ἔνδοξος'];['a-p---fd-']
696;ἐνδόξου;['ἔνδοξος'];['a-s---fg-']
697;ἐνίοτε;['ἐνίοτε'];['d--------']
698;ἐνίους;['ἔνιοι'];['a-p---ma-']
699;ἐνίων;['ἔνιοι'];['a-p---mg-']
700;ἐνιαυτὸν;['ἐνιαυτός'];['n-s---ma-']
701;ἐνιεμένων;['ἐνίημι'];['v-pppmng-']
702;ἐννάτης;['ενν́ατος'];['a-s---fg-']
703;ἐννοοῦντάς;['ἐννοέω'];['v-pppama-']
704;ἐνὸν;['ἔνειμι'];['v-sppana-']
705;ἐνταῦθα;['ἐνταῦθα'];['d--------']
706;ἐντέρων;['ἔντερον'];['n-p---ng-']
707;ἐξ;['ἐκ'];['r--------']
708;ἐξαιρουμένης;['ἐξαιρέω'];['v-sppmfg-']
709;ἐξανθήμασιν;['ἐξάνθημα'];['n-p---nd-']
710;ἐξανθήματα;['ἐξάνθημα'];['n-p---nn-']
711;ἐξαπατάτω;['ἐξαπατάω'];['v3spma---']
712;ἐξέκρινε;['ἐκκρίνω'];['v3siia---']
713;ἐξέστη;['ἐξίστημι'];['v3saia---']
714;ἐξέτειναν;['ἐκτείνω'];['v3paia---']
715;ἐξείργασμαι;['ἐξεργάζομαι'];['v1srim---']
716;ἐξειργάσθαι;['ἐξεργάζομαι'];['v--rnm---']
717;ἐξευρεῖν;['ἐξευρίσκω'];['v--ana---']
718;ἐξηγήσασθαι;['ἐξηγέομαι'];['v--anm---']
719;ἐξηλέγξαμεν;['ἐξελέγχω'];['v1paia---']
720;ἐὸν;['εἰμί'];['v-sppann-']
721;ἐοικέναι;['ἔοικα'];['v--rna---']
722;ἐπαινέειν;['ἐπαινέω'];['v--pna---']
723;ἐπανέλθωμεν;['ἐπανέρχομαι'];['v1pasa---']
724;ἐπαφεῖλε;['ἐπαφαιρέω'];['v3saia---']
725;ἐπειδὰν;['ἐπειδάν'];['c--------']
726;ἐπεσκέφθαι;['ἐπισκοπέω'];['v--rnm---']
727;ἐπεσκέψαντο;['ἐπισκοπέω'];['v3paim---']
728;ἐπεχείρησε;['ἐπιχειρέω'];['v3saia---']
729;ἐπὶ;['ἐπί'];['r--------']
730;ἐπίνοσον;['ἐπίνοσος'];['a-s---na-']
731;ἐπίπλοον;['ἐπίπλοον'];['n-s---na-']
732;ἐπίστασθαι;['ἐπίσταμαι'];['v--pnm---']
733;ἐπίστασθαί;['ἐπίσταμαι'];['v--pnm---']
734;ἐπιγινομένων;['ἐπιγίγνομαι'];['v-pppmng-']
735;ἐπιγραφὴν;['ἐπιγραφή'];['n-s---fa-']
736;ἐπιδείξεις;['ἐπίδειξις'];['n-p---fa-']
737;ἐπιδεῖξαι;['ἐπιδείκνυμι'];['v--ana---']
738;ἐπιδεικνύναι;['ἐπιδείκνυμι'];['v--pna---']
739;ἐπιεικέστερον;['ἐπιεικής'];['a-s---nnc']
740;ἐπιεικὴς;['ἐπιεικής'];['a-s---mn-']
741;ἐπιεικοῦς;['ἐπιεικής'];['a-s---ng-']
742;ἐπιθυμῆσαι;['ἐπιθυμέω'];['v--ana---']
743;ἐπικρατεῖ;['ἐπικρατέω'];['v3spia---']
744;ἐπιληψίας;['ἐπιληψία'];['n-s---fg-']
745;ἐπιμελῶς;['ἐπιμελής'];['d--------']
746;ἐπιμιξίᾳ;['ἐπιμιξία'];['n-s---fd-']
747;ἐπιμνησθῶμεν;['ἐπιμιμνήσκομαι'];['v1pasp---']
748;ἐπινοῆσαι;['ἐπινοέω'];['v--ana---']
749;ἐπιπλέον;['ἐπιπολύ'];['d-------c']
750;ἐπιπλεῖστον;['ἐπιπλεῖστον'];['d--------']
751;ἐπιπολάζοντος;['ἐπιπολάζω'];['v-sppang-']
752;ἐπιπολῆς;['ἐπιπολή'];['n-s---fg-']
753;ἐπισκεψάμενοι;['ἐπισκοπέω'];['v-papmmn-']
754;ἐπισκεψόμεθα;['ἐπισκοπέω'];['v1pfim---']
755;ἐπισκοπεῖσθαί;['ἐπισκοπέω'];['v--pnm---']
756;ἐπισχεθῇ;['ἐπέχω'];['v3sasp---']
757;ἐπιτεχνήσασθαί;['ἐπιτεχνάομαι'];['v--anm---']
758;ἐπιτηδειότερον;['ἐπιτήδειος'];['a-s---mac']
759;ἐπιτηδεύμασί;['ἐπιτήδευμα'];['n-p---nd-']
760;ἐπιτηδεύματά;['ἐπιτήδευμα'];['n-p---na-']
761;ἐπιτηδευμάτων;['ἐπιτήδευμα'];['n-p---ng-']
762;ἐπιτρέπουσι;['ἐπιτρέπω'];['v3ppia---']
763;ἐπιφάνειαν;['ἐπιφάνεια'];['n-s---fa-']
764;ἐπιχειρούντων;['ἐπιχειρέω'];['v-pppamg-']
765;ἐποίησεν;['ποιέω'];['v3saia---']
766;ἐποιοῦντο;['ποιέω'];['v3piim---']
767;ἐποχούμενος;['ἐποχέομαι'];['v-sppmmn-']
768;ἐπ’;['ἐπί'];['r--------']
769;ἐραστής;['ἐραστής'];['n-s---mn-']
770;ἐργάζεσθαι;['ἐργάζομαι'];['v--pnm---']
771;ἐργάζεται;['ἐργάζομαι'];['v3spim---']
772;ἐργάσηται;['ἐργάζομαι'];['v3sasm---']
773;ἐργαζόμεναι;['ἐργάζομαι'];['v-pppmfn-']
774;ἐργαζομένης;['ἐργάζομαι'];['v-sppmfg-']
775;ἐργασάμενοι;['ἐργάζομαι'];['v-papmmn-']
776;ἐργασαμένην;['ἐργάζομαι'];['v-sapmfa-']
777;ἐριστικῶς;['ἐριστικός'];['d--------']
778;ἐροῦμεν;['λέγω'];['v1pfia---']
779;ἐρυθρὰ;['ἐρυθρός'];['a-s---fn-']
780;ἐρυθρὰν;['ἐρυθρός'];['a-s---fa-']
781;ἐρυθρότερος;['ἐρυθρός'];['a-s---mnc']
782;ἐρυσίπελας;['ἐρυσίπελας'];['n-s---na-']
783;ἐρωτᾷν;['ἐρωτάω'];['v--pna---']
784;ἐς;['εἰς'];['r--------']
785;ἐσθίοντες;['ἐσθίω'];['v-pppamn-']
786;ἐσθιομένων;['ἐσθίω', 'εἰσθέω'];['v-pppmng-']
787;ἐσόμενα;['εἰμί'];['v-pfpmna-']
788;ἐσομένων;['εἰμί'];['v-pfpmng-']
789;ἐστι;['εἰμί'];['v3spia---']
790;ἐστὶ;['εἰμί'];['v3spia---']
791;ἐστὶν;['εἰμί'];['v3spia---']
792;ἐστιν;['εἰμί'];['v3spia---']
793;ἐτόλμησεν;['τολμάω'];['v3saia---']
794;ἐτράπετο;['τρέπω'];['v3saim---']
795;ἐτῶν;['ἔτος'];['n-p---ng-']
796;ἐφαίνετο;['φαίνω'];['v3siim---']
797;ἐφαίνοντο;['φαίνω'];['v3piim---']
798;ἐφισταμένων;['ἐφίστημι'];['v-pppmmg-']
799;ἐφ’;['ἐπί'];['r--------']
800;ἐχόντων;['ἔχω'];['v-pppamg-']
801;ἐχούσης;['ἔχω'];['v-sppafg-']
802;ἐχρῆν;['χρή'];['v3siia---']
803;ἓν;['εἷς'];['m-s---na-']
804;ἕδραν;['ἕδρα'];['n-s---fa-']
805;ἕδρας;['ἕδρα'];['n-s---fg-']
806;ἕκαστον;['ἕκαστος'];['p-s---ma-', 'p-s---na-', 'p-s---nn-']
807;ἕλκει;['ἕλκω'];['v3spia---']
808;ἕλκειν;['ἕλκω'];['v--pna---']
809;ἕλκεσθαι;['ἕλκω'];['v--pnm---']
810;ἕλκοντος;['ἕλκω'];['v-sppang-']
811;ἕλκος;['ἕλκος'];['n-s---nn-', 'n-s---na-']
812;ἕλκους;['ἕλκος'];['n-s---ng-']
813;ἕν;['εἷς'];['m-s---na-']
814;ἕνα;['εἷς'];['m-s---ma-']
815;ἕνεκα;['ἕνεκα'];['r--------']
816;ἕξει;['ἔχω'];['v3sfia---']
817;ἕτερός;['ἕτερος'];['p-s---mn-']
818;ἕτεροι;['ἕτερος'];['p-p---mn-']
819;ἕτερος;['ἕτερος'];['p-s---mn-']
820;ἑαυτὸν;['ἑαυτοῦ'];['p-s---ma-']
821;ἑαυτοὺς;['ἑαυτοῦ'];['p-p---ma-']
822;ἑαυτούς;['ἑαυτοῦ'];['p-p---ma-']
823;ἑαυτοῦ;['ἑαυτοῦ'];['p-s---mg-']
824;ἑαυτῷ;['ἑαυτοῦ'];['p-s---md-']
825;ἑαυτῶν;['ἑαυτοῦ'];['p-p---mg-']
826;ἑβδόμης;['ἕβδομος'];['a-s---fg-']
827;ἑκάστου;['ἕκαστος'];['p-s---ng-']
828;ἑκάστῳ;['ἕκαστος'];['p-s---md-']
829;ἑκάτερος;['ἑκάτερος'];['p-s---mn-']
830;ἑκατέρᾳ;['ἑκάτερος'];['p-s---fd-']
831;ἑκατέρου;['ἑκάτερος'];['p-s---ng-']
832;ἑκόντων;['ἑκών'];['a-p---mg-']
833;ἑκὼν;['ἑκών'];['a-s---mn-']
834;ἑλκόντων;['ἕλκω'];['v-pppang-']
835;ἑλκοῖ;['ἑλκόω'];['v3spia---']
836;ἑλκομένους;['ἕλκω'];['v-pppmma-']
837;ἑλκούσης;['ἕλκω'];['v-sppafg-']
838;ἑλκοῦται;['ἑλκόω'];['v3spim---']
839;ἑλκτικὰ;['ἑλκτικός'];['a-p---na-']
840;ἑλκτικὸν;['ἑλκτικός'];['a-s---nn-', 'a-s---na-']
841;ἑλκωθέντα;['ἑλκόω'];['v-pappna-']
842;ἑνδεκάτης;['ἑνδέκατος'];['a-s---fg-']
843;ἑνὶ;['εἷς'];['m-s---nd-']
844;ἑξῆς;['ἑξῆς'];['d--------']
845;ἑρμηνεύειν;['ἑρμηνεύω'];['v--pna---']
846;ἑτέρα;['ἕτερος'];['p-s---fn-']
847;ἑτέρῳ;['ἕτερος'];['p-s---md-']
848;ἑτέρων;['ἕτερος'];['p-p---ng-']
849;ἑψόμενα;['ἕψω'];['v-pppmnn-']
850;ἑψομένου;['ἕψω'];['v-sppmng-']
851;ἑωρᾶτο;['ὁράω'];['v3siim---']
852;ἑωϋτοῦ;['ἑαυτοῦ'];['p-s---mg-']
853;ἑωϋτῷ;['ἑαυτοῦ'];['p-s---md-']
854;ἑωυτήν;['ἑαυτοῦ'];['p-s---fa-']
855;εἰ;['εἰ'];['c--------']
856;εἴ;['εἰ'];['c--------']
857;εἴασαν;['ἐάω'];['v3paia---']
858;εἴη;['εἰμί'];['v3spoa---']
859;εἴης;['εἰμί'];['v2spoa---']
860;εἴπερ;['εἴπερ'];['c--------']
861;εἴρηται;['λέγω'];['v3srim---']
862;εἴσω;['εἴσω'];['d--------']
863;εἶθ’;['εἶτα'];['d--------']
864;εἶναι;['εἰμί'];['v--pna---']
865;εἶναί;['εἰμί'];['v--pna---']
866;εἶπεν;['λέγω'];['v3saia---']
867;εἶπον;['λέγω'];['v3paia---', 'v1saia---']
868;εἶτα;['εἶτα'];['d--------']
869;εἶτ’;['εἶτα'];['d--------']
870;εἰθίσμεθα;['ἐθίζω'];['v1prim---']
871;εἰκός;['ἔοικα'];['v-srpann-']
872;εἰπεῖν;['λέγω'];['v--ana---']
873;εἰπόντες;['λέγω'];['v-papamn-']
874;εἰπὼν;['λέγω'];['v-sapamn-']
875;εἰργάζετο;['ἐργάζομαι'];['v3siim---']
876;εἰρέαται;['λέγω'];['v3prim---']
877;εἰρηκέναι;['λέγω'];['v--rna---']
878;εἰρηκότος;['λέγω'];['v-srpamg-']
879;εἰρημένα;['λέγω'];['v-prpmna-', 'v-prpmnn-']
880;εἰρημένοις;['λέγω'];['v-prpmnd-']
881;εἰρημένον;['λέγω'];['v-srpmna-']
882;εἰρημένων;['λέγω'];['v-prpmmg-', 'v-prpmng-', 'v-prpmfg-']
883;εἰς;['εἰς'];['r--------']
884;εἰσὶ;['εἰμί'];['v3ppia---']
885;εἰσίν;['εἰμί'];['v3ppia---']
886;εἰσρέοι;['εἰσρέω'];['v3spoa---']
887;εἰώθασι;['εἴωθα'];['v3pria---']
888;εἷς;['εἷς'];['m-s---mn-']
889;εὔλογον;['εὔλογος'];['a-s---nn-', 'a-s---na-', 'a-s---fa-']
890;εὔχυμά;['εὔχυμος'];['a-p---nn-']
891;εὔχυμοι;['εὔχυμος'];['a-p---mn-']
892;εὔχυμον;['εὔχυμος'];['a-s---fa-']
893;εὐθέως;['εὐθύς'];['d--------']
894;εὐκολωτέραν;['εὔκολος'];['a-s---fac']
895;εὐλόγως;['εὔλογος'];['d--------']
896;εὐπνουστέρους;['εὔπνους'];['a-p---mac']
897;εὐχύμων;['εὔχυμος'];['a-p---mg-']
898;εὐχυμότατον;['εὔχυμος'];['a-s---mas']
899;εὑρέσεως;['εὕρεσις'];['n-s---fg-']
900;εὑρεῖν;['εὑρίσκω'];['v--ana---']
901;εὑρήσει;['εὑρίσκω'];['v3sfia---']
902;εὑρίσκεται;['εὑρίσκω'];['v3spim---']
903;ευρηκέναι;['ευρίσκω'];['v--rna---']
904;ζητήσεις;['ζητέω'];['v2sfia---']
905;ζητούμενα;['ζητέω'];['v-pppmna-']
906;ζητουμένης;['ζητέω'];['v-sppmfg-']
907;ζυμοῖ;['ζυμόω'];['v3spia---']
908;ζώοις;['ζῷον'];['n-p---nd-']
909;ζώου;['ζῷον'];['n-s---ng-']
910;ζώων;['ζῷον'];['n-p---ng-']
911;ζῶα;['ζῷον'];['n-p---na-']
912;ζῶον;['ζῷον'];['n-s---nn-', 'n-s---na-']
913;ζωῆς;['ζωή'];['n-s---fg-']
914;ἢ;['ἤ'];['c--------']
915;ἢν;['ἐάν'];['c--------']
916;ἤδη;['ἤδη'];['d--------']
917;ἤθους;['ἦθος'];['n-s---ng-']
918;ἤν;['ἐάν'];['c--------']
919;ἤτοι;['ἤτοι'];['g--------']
920;ᾖ;['εἰμί'];['v3spsa---']
921;ἦν;['εἰμί'];['v3siia---']
922;ἠμέλησεν;['ἀμελέω'];['v3saia---']
923;ἠναγκάσθη;['ἀναγκάζω'];['v3saip---']
924;ἠρωτημένους;['ἐρωτάω'];['v-prpmma-']
925;ἡ;['ὁ'];['l-s---fn-']
926;ἣν;['ὅς'];['p-s---fa-']
927;ἥπατι;['ἧπαρ'];['n-s---nd-']
928;ἥπατος;['ἧπαρ'];['n-s---ng-']
929;ἥτις;['ὅστις'];['p-s---fn-']
930;ᾗ;['ὅς'];['p-s---fd-']
931;ἧπαρ;['ἧπαρ'];['n-s---na-']
932;ἧς;['ὅς'];['p-s---fg-']
933;ἧσσον;['ἥσσων'];['a-s---nac']
934;ἡγεμόνες;['ἡγεμών'];['n-p---mn-']
935;ἡγούμενοι;['ἡγέομαι'];['v-pppmmn-']
936;ἡγουμένοις;['ἡγέομαι'];['v-pppmmd-']
937;ἡγουμένους;['ἡγέομαι'];['v-pppmma-']
938;ἡδέως;['ἡδύς'];['d--------']
939;ἡκόντων;['ἥκω'];['v-pppamg-']
940;ἡκουσῶν;['ἥκω'];['v-pppafg-']
941;ἡλικίαν;['ἡλικία'];['n-s---fa-']
942;ἡμᾶς;['ἐγώ'];['p-p---ca-']
943;ἡμέραι;['ἡμέρα'];['n-p---fn-']
944;ἡμέραις;['ἡμέρα'];['n-p---fd-']
945;ἡμέρας;['ἡμέρα'];['n-s---fg-']
946;ἡμεῖς;['ἐγώ'];['p-p---cn-']
947;ἡμετέρας;['ἡμέτερος'];['a-p---fa-']
948;ἡμῖν;['ἐγώ'];['p-p---cd-']
949;ἡμῶν;['ἐγώ'];['p-p---cg-']
950;θάλασσα;['θάλασσα'];['n-s---fn-']
951;θανάσιμον;['θανάσιμος'];['a-s---nn-']
952;θανατωδέστατα;['θανατώδης'];['a-p---nns']
953;θαυμάζειν;['θαυμάζω'];['v--pna---']
954;θαυμάσαι;['θαυμάζω'];['v--ana---']
955;θαυμαστὸν;['θαυμαστός'];['a-s---nn-']
956;θέμενοι;['τίθημι'];['v-papmmn-']
957;θέρους;['θέρος'];['n-s---ng-']
958;θεασάμενος;['θεάομαι'];['v-sapmmn-']
959;θεραπείᾳ;['θεραπεία'];['n-s---fd-']
960;θεραπείαν;['θεραπεία'];['n-s---fa-']
961;θεραπεύειν;['θεραπεύω'];['v--pna---']
962;θεραπευτικῆς;['θεραπευτικός'];['a-s---fg-']
963;θερμὰ;['θερμός'];['a-p---na-']
964;θερμὴν;['θερμός'];['a-s---fa-']
965;θερμῆς;['θερμός'];['a-s---fg-']
966;θερμότερα;['θερμός'];['a-p---nnc']
967;θερμοῖς;['θερμός'];['a-p---nd-']
968;θερμοτέραις;['θερμός'];['a-p---fdc']
969;θερμῶν;['θερμός'];['a-p---ng-']
970;θεωρήματα;['θεώρημα'];['n-p---na-']
971;θεωρίαν;['θεωρία'];['n-s---fa-']
972;θεωρίας;['θεωρία'];['n-s---fg-']
973;θηριώδεις;['θηριώδης'];['a-p---fa-']
974;θρέψον;['τρέφω'];['v-sfpann-']
975;θρόμβον;['θρόμβος'];['n-s---ma-']
976;θυγατέρας;['θυγάτηρ'];['n-p---fa-']
977;θώρακός;['θώραξ'];['n-s---mg-']
978;θ’;['τε'];['c--------']
979;ἴασιν;['ἴασις'];['n-s---fa-']
980;ἴδιον;['ἴδιος'];['a-s---nn-', 'a-s---na-']
981;ἴκτεροι;['ἴκτερος'];['n-p---mn-']
982;ἴσην;['ἴσος'];['a-s---fa-']
983;ἴσχει;['ἴσχω'];['v3spia---']
984;ἴσως;['ἴσως'];['d--------']
985;ἰαθῆναι;['ἰάομαι'];['v--anp---']
986;ἰατρεύειν;['ἰατρεύω'];['v--pna---']
987;ἰατρικὴν;['ἰατρικός'];['a-s---fa-']
988;ἰατρικῆς;['ἰατρικός'];['a-s---fg-']
989;ἰατρὸν;['ἰατρός'];['n-s---ma-']
990;ἰατροῖς;['ἰατρός'];['n-p---md-']
991;ἰατρούς;['ἰατρός'];['n-p---ma-']
992;ἰατρῶν;['ἰατρός'];['n-p---mg-']
993;ἰδέα;['ἰδέα'];['n-s---fn-']
994;ἰδέας;['ἰδέα'];['n-p---fa-']
995;ἰδίᾳ;['ἴδιος'];['a-s---fd-']
996;ἰδίας;['ἴδιος'];['a-s---fg-', 'a-p---fa-']
997;ἰδίως;['ἴδιος'];['d--------']
998;ἰδιωτῶν;['ἰδιώτης'];['n-p---mg-']
999;ἰκτερικοὺς;['ἰκτερικός'];['a-p---ma-']
1000;ἰκτεριώδεσι;['ἰκτεριώδης'];['a-p---md-']
1001;ἰκτεριώντων;['ἰκτεριάω'];['v-pppamg-']
1002;ἰκτεριῶσι;['ἰκτεριάω'];['v-pppamd-']
1003;ἰλύς;['ἰλύς'];['n-s---fn-']
1004;ἰλυῶδες;['ἰλυώδης'];['a-s---na-']
1005;ἰσάτιδος;['ἰσάτις'];['n-s---fg-']
1006;ἰσατώδης;['ἰσατώδης'];['a-s---fn-']
1007;ἰχῶρα;['ἰχώρ'];['n-s---ma-']
1008;ἰώδη;['ἰώδης'];['a-s---fa-']
1009;ἰῷ;['ἰός'];['n-s---md-']
1010;ἵνα;['ἵνα'];['c--------']
1011;ἱδρώς;['ἱδρώς'];['n-s---mn-']
1012;ἱδρώτων;['ἱδρώς'];['n-p---mg-']
1013;ἱδρῶτες;['ἱδρώς'];['n-p---mn-']
1014;ἱκανῶς;['ἱκανός'];['d--------']
1015;κα-;['καί'];['c--------']
1016;κάθαρσίς;['κάθαρσις'];['n-s---fn-']
1017;κάθαρσιν;['κάθαρσις'];['n-s---fa-']
1018;κάκιστα;['κακός'];['a-p---nns']
1019;κάλλιστον;['καλός'];['a-s---nns']
1020;κάμνοντα;['κάμνω'];['v-sppama-']
1021;κάμνοντας;['κάμνω'];['v-pppama-']
1022;κάρτα;['κάρτα'];['d--------']
1023;κάτω;['κάτω'];['d--------']
1024;κᾂν;['ἔͅν', 'ᾄν'];['c--------', 'g--------']
1025;κἂν;['ἐάν'];['c--------']
1026;κᾄπειτα;['ᾄπειτη'];['d-------c']
1027;κᾀκ;['ᾀ', 'ἐͅκ'];['r--------', 'd--------']
1028;κᾀν;['εἰͅν'];['r--------']
1029;κᾀπειδὰν;['ἐͅπειδάν'];['c--------']
1030;κᾀπὶ;['εἰͅπί'];['r--------']
1031;κἀκεῖνά;['ἐκεῖνος'];['p-p---nn-']
1032;καθάπερ;['καθά'];['c--------']
1033;καθάρσεσι;['κάθαρσις'];['n-p---fd-']
1034;καθάρσεως;['κάθαρσις'];['n-s---fg-']
1035;καθαίρειν;['καθαίρω'];['v--pna---']
1036;καθαίρεσθαι;['καθαίρω'];['v--pnm---']
1037;καθαίροντα;['καθαίρω'];['v-pppana-']
1038;καθαίρων;['καθαίρω'];['v-sppamn-']
1039;καθαιρόντων;['καθαίρω'];['v-pppang-']
1040;καθαρθείσας;['καθαίρω'];['v-pappfa-']
1041;καθαρθῆναι;['καθαίρω'];['v--anp---']
1042;καθαρὸν;['καθαρός'];['a-s---nn-']
1043;καθαρτικῶν;['καθαρτικός'];['a-p---ng-']
1044;καθεῖλόν;['καθαιρέω'];['v3paia---']
1045;καθεστηκότων;['καθίστημι'];['v-prpamg-']
1046;καθήκειν;['καθήκω'];['v--pna---']
1047;καθήρας;['καθαίρω'];['v-sapamn-']
1048;καθῇραι;['κεάθͅρυμι'];['v--ana---']
1049;καθόλου;['καθόλου'];['d--------']
1050;καθ’;['κατά'];['r--------']
1051;καὶ;['καί'];['c--------']
1052;καί;['καί'];['c--------']
1053;καίτοι;['καίτοι'];['g--------']
1054;καινὴν;['καινός'];['a-s---fa-']
1055;καιρῶν;['καιρός'];['n-p---mg-']
1056;κακίους;['κακός'];['a-p---fnc']
1057;κακόχυμα;['κακόχυμος'];['a-p---nn-']
1058;κακοηθέστερον;['κακοήθης'];['a-s---nnc']
1059;κακοπραγῶν;['κακοπραγέω'];['v-sppamn-']
1060;καλεῖν;['καλέω'];['v--pna---']
1061;καλεῖται;['καλέω'];['v3spim---']
1062;καλός;['καλός'];['a-s---mn-']
1063;καλούμενα;['καλέω'];['v-pppmna-', 'v-pppmnn-']
1064;καλούμενον;['καλέω'];['v-sppmma-']
1065;καλούμενος;['καλέω'];['v-sppmmn-']
1066;καλοῦντες;['καλέω'];['v-pppamn-']
1067;καλοῦσι;['καλέω'];['v3ppia---']
1068;καλοῦσιν;['καλέω'];['v3ppia---']
1069;καλουμένη;['καλέω'];['v-sppmfn-']
1070;καλουμένην;['καλέω'];['v-sppmfa-']
1071;καλουμένων;['καλέω'];['v-pppmmg-']
1072;καλῶς;['καλός'];['d--------']
1073;καρκίνους;['καρκίνος'];['n-p---ma-']
1074;καρκίνων;['καρκίνος'];['n-p---mg-']
1075;καρκῖνον;['καρκῖνος'];['n-s---ma-']
1076;καρκῖνος;['καρκῖνος'];['n-s---mn-']
1077;καρχαρόδοντα;['καρχαρόδους'];['n-p---nn-']
1078;καρχαροδόντων;['καρχαρόδων'];['n-p---mg-']
1079;κατὰ;['κατά'];['r--------']
1080;κατά;['κατά'];['r--------']
1081;κατάφωρον;['κατάφωρος'];['a-s---nn-']
1082;κατάφωρος;['κατάφωρος'];['a-s---mn-']
1083;καταγνωσθῆναι;['καταγιγνώσκω'];['v--anp---']
1084;κατακέκρυπται;['κατακρύπτω'];['v3srim---']
1085;κατακοροῦς;['κατακορής'];['a-s---fg-']
1086;καταλαμβάνει;['καταλαμβάνω'];['v3spia---']
1087;καταμανθάνειν;['καταμανθάνω'];['v--pna---']
1088;καταμηνίων;['καταμήνιος'];['a-p---mg-']
1089;καταρρεούσης;['καταρρέω'];['v-sppafg-']
1090;κατασκευὴν;['κατασκευή'];['n-s---fa-']
1091;κατασκῆπτον;['κατασκήπτω'];['v-sppann-']
1092;κατασκῆψαν;['κατασκήπτω'];['v-sapann-']
1093;κατασκηψάσης;['κατασκήπτω'];['v-sapafg-']
1094;καταστάσεις;['κατάστασις'];['n-p---fa-']
1095;καταστάσεσιν;['κατάστασις'];['n-p---fd-']
1096;κατατρίβουσιν;['κατατρίβω'];['v3ppia---']
1097;καταφέρεται;['καταφέρω'];['v3spim---']
1098;κατεγνωκότας;['καταγιγνώσκω'];['v-prpama-']
1099;κατεργασίᾳ;['κατεργασία'];['n-s---fd-']
1100;κατηνάγκασε;['καταναγκάζω'];['v3saia---']
1101;κατωπτῆσθαι;['κατοπτάω'];['v--rnm---']
1102;κατ’;['κατά'];['r--------']
1103;καῦσοι;['καῦσος'];['n-p---mn-']
1104;καυσώδεσι;['καυσώδης'];['a-p---nd-']
1105;κένωσιν;['κένωσις'];['n-s---fa-']
1106;κένωσις;['κένωσις'];['n-s---fn-']
1107;κενούμενον;['κενόω'];['v-sppmna-', 'v-sppmma-']
1108;κενοῦν;['κενόω'];['v--pna---']
1109;κενουμένην;['κενόω'];['v-sppmfa-']
1110;κενουμένου;['κενόω'];['v-sppmng-']
1111;κενουμένῳ;['κενόω'];['v-sppmnd-']
1112;κενώσει;['κένωσις'];['n-s---fd-']
1113;κενώσεις;['κένωσις', 'κενόω'];['n-p---fa-', 'v2sfia---']
1114;κενωθῶσιν;['κενόω'];['v3pasp---']
1115;κενωτικὰ;['κενωτικός'];['a-p---nn-']
1116;κεφαλαίοις;['κεφάλαιος'];['a-p---nd-']
1117;κεχρημένων;['χράω'];['v-prpmng-']
1118;κίνδυνος;['κίνδυνος'];['n-s---mn-']
1119;κινήσεις;['κίνησις'];['n-p---fn-']
1120;κιρσοὺς;['κιρσός'];['n-p---ma-']
1121;κιρσώδεις;['κιρσώδης'];['a-p---fn-']
1122;κιρσωδεστέραν;['κιρσώδης'];['a-s---fac']
1123;κνήμῃ;['κνήμη'];['n-s---fd-']
1124;κόπων;['κόπος'];['n-p---mg-']
1125;κοιλίαν;['κοιλία'];['n-s---fa-']
1126;κοιλίας;['κοιλία'];['n-s---fg-']
1127;κοινὸν;['κοινός'];['a-s---na-']
1128;κοινότης;['κοινότης'];['n-s---fn-']
1129;κοινῷ;['κοινός'];['a-s---md-']
1130;κοινωνίᾳ;['κοινωνία'];['n-s---fd-']
1131;κουφίζεσθαι;['κουφίζω'];['v--pnm---']
1132;κουφισμὸν;['κουφισμός'];['n-s---ma-']
1133;κοχλίαι;['κόχλιας'];['n-p---mn-']
1134;κράσει;['κρᾶσις'];['n-s---fd-']
1135;κράσεσίν;['κρᾶσις'];['n-p---fd-']
1136;κράσεως;['κρᾶσις'];['n-s---fg-']
1137;κρέα;['κρέας'];['n-p---nn-']
1138;κρήσιος;['κρᾶσις'];['n-s---fg-']
1139;κρίσεις;['κρίσις'];['n-p---fa-']
1140;κρίσιν;['κρίσις'];['n-s---fa-']
1141;κριθῇ;['κρίνω'];['v3spsa---']
1142;κριμνώδεες;['κριμνώδης'];['a-p---fn-']
1143;κρύπτειν;['κρύπτω'];['v--pna---']
1144;κρυπτὸν;['κρυπτός'];['a-s---ma-']
1145;κτήσασθαί;['κτάομαι'];['v--anm---']
1146;κύημα;['κύημα'];['n-s---na-']
1147;κύκλῳ;['κύκλος'];['n-s---md-']
1148;κύστεις;['κύστις'];['n-p---fn-']
1149;κύστιν;['κύστις'];['n-s---fa-']
1150;κύστις;['κύστις'];['n-s---fn-']
1151;κυήσει;['κύησις'];['n-s---fd-']
1152;κυρίων;['κύριος'];['a-p---ng-']
1153;κυριώτερα;['κύριος'];['a-p---nnc']
1154;κωλύει;['κωλύω'];['v3spia---']
1155;κωλύειν;['κωλύω'];['v--pna---']
1156;κωλύσεις;['κωλύω'];['v2sfia---']
1157;λαβεῖν;['λαμβάνω'];['v--ana---']
1158;λαμβάνον;['λαμβάνω'];['v-sppana-']
1159;λέγει;['λέγω'];['v3spia---']
1160;λέγειν;['λέγω'];['v--pna---']
1161;λέγεσθαι;['λέγω'];['v--pnm---']
1162;λέγουσιν;['λέγω'];['v3ppia---']
1163;λέγων;['λέγω'];['v-sppamn-']
1164;λέλεκται;['λέγω'];['v3srim---']
1165;λέξιν;['λέξις'];['n-s---fa-']
1166;λεαινῶν;['λέαινα'];['n-p---fg-']
1167;λείη;['λεῖος'];['a-s---fn-']
1168;λεῖον;['λεῖος'];['a-s---nn-']
1169;λεκάνας;['λεκάνη'];['n-p---fa-']
1170;λεκίθῳ;['λέκιθος'];['n-s---md-']
1171;λεκιθώδης;['λεκιθώδης'];['a-s---fn-']
1172;λεόντων;['λέων'];['n-p---mg-']
1173;λεοπάρδων;['λεόπαρδος'];['n-p---mg-']
1174;λεπὶς;['λεπίς'];['n-s---fn-']
1175;λεπτὰ;['λεπτός'];['a-p---na-']
1176;λεπταὶ;['λεπτός'];['a-p---fn-']
1177;λεπτὴν;['λεπτός'];['a-s---fa-']
1178;λεπτῆς;['λεπτός'];['a-s---fg-']
1179;λεπτὸν;['λεπτός'];['a-s---ma-', 'a-s---nn-']
1180;λεπτόν;['λεπτός'];['a-s---ma-']
1181;λεπτότερον;['λεπτός'];['a-s---nnc']
1182;λεπτομερὲς;['λεπτομερής'];['a-s---nn-']
1183;λεπτομερέστερόν;['λεπτομερής'];['a-s---nnc']
1184;λεπτομερεστέρας;['λεπτομερής'];['a-s---fgc']
1185;λεπτῷ;['λεπτός'];['a-s---nd-']
1186;λευκαὶ;['λευκός'];['a-p---fn-']
1187;λευκή;['λευκός'];['a-s---fn-']
1188;λευκὸν;['λευκός'];['a-s---nn-']
1189;λευκός;['λευκός'];['a-s---mn-']
1190;λευκοῦ;['λευκός'];['a-s---mg-']
1191;ληθάργου;['λήθαργος'];['a-s---mg-']
1192;ληρούντων;['ληρέω'];['v-pppamg-']
1193;λιπαρότητας;['λιπαρότης'];['n-p---fa-']
1194;λόγοις;['λόγος'];['n-p---md-']
1195;λόγον;['λόγος'];['n-s---ma-']
1196;λόγος;['λόγος'];['n-s---mn-']
1197;λόγου;['λόγος'];['n-s---mg-']
1198;λόγους;['λόγος'];['n-p---ma-']
1199;λόγῳ;['λόγος'];['n-s---md-']
1200;λόγων;['λόγος'];['n-p---mg-']
1201;λογικῇ;['λογικός'];['a-s---fd-']
1202;λογισμὸν;['λογισμός'];['n-s---ma-']
1203;λογισμοῖς;['λογισμός'];['n-p---md-']
1204;λογισμοὺς;['λογισμός'];['n-p---ma-']
1205;λοιμὸς;['λοιμός'];['n-s---mn-']
1206;λοχείαν;['λοχεία'];['n-s---fa-']
1207;λύειν;['λύω'];['v--pna---']
1208;λύκων;['λύκων'];['n-p---mg-']
1209;μάθῃ;['μανθάνω'];['v3sasa---']
1210;μάλισθ’;['μάλα'];['d-------s']
1211;μάλιστα;['μάλα'];['d-------s']
1212;μάλιστά;['μάλα'];['d-------s']
1213;μάλιστ’;['μάλα'];['d-------s']
1214;μάρτυρες;['μάρτυς'];['n-p---mn-']
1215;μάτην;['μάτην'];['d--------']
1216;μᾶλλον;['μάλα'];['d-------c']
1217;μαθητὴς;['μαθητής'];['n-s---mn-']
1218;μαθὼν;['μανθάνω'];['v-sapamn-']
1219;μακρᾶς;['μακρός'];['a-s---fg-']
1220;μακρὸς;['μακρός'];['a-s---mn-']
1221;μακροτέραις;['μακρός'];['a-p---fdc']
1222;μακροῦ;['μακρός'];['a-s---ng-']
1223;μακρῷ;['μακρός'];['a-s---nd-']
1224;μανείσας;['μαίνομαι'];['v-pappfa-']
1225;μανίαν;['μανία'];['n-s---fa-']
1226;μαρτυρεῖται;['μαρτυρέω'];['v3spim---']
1227;μαχόμενα;['μάχομαι'];['v-pppmna-']
1228;με;['ἐγώ'];['p-s---ca-']
1229;μὲν;['μέν'];['g--------']
1230;μέλαινα;['μέλας'];['a-s---fn-']
1231;μέλαιναι;['μέλας'];['a-p---fn-']
1232;μέλαιναν;['μέλας'];['a-s---fa-']
1233;μέλαν;['μέλας'];['a-s---nn-', 'a-s---na-']
1234;μέλανα;['μέλας'];['a-s---ma-', 'a-p---nn-']
1235;μέλανι;['μέλας'];['a-s---nd-']
1236;μέλανος;['μέλας'];['a-s---ng-']
1237;μέλας;['μέλας'];['a-s---mn-']
1238;μέλασιν;['μέλας'];['a-p---nd-']
1239;μέμφεσθαι;['μέμφομαι'];['v--pnm---']
1240;μέμψαιτο;['μέμφομαι'];['v3saom---']
1241;μέν;['μέν'];['g--------']
1242;μέντοι;['μέντοι'];['g--------']
1243;μέρει;['μέρος'];['n-s---nd-']
1244;μέρεσιν;['μέρος'];['n-p---nd-']
1245;μέρος;['μέρος'];['n-s---na-']
1246;μέτρου;['μέτρον'];['n-s---ng-']
1247;μέχρι;['μέχρι'];['r--------']
1248;μεγάλως;['μέγας'];['d--------']
1249;μεγίστην;['μέγας'];['a-s---fas']
1250;μεθοδικούς;['μεθοδικός'];['a-p---ma-']
1251;μειρακίου;['μειράκιον'];['n-s---ng-']
1252;μελάντερόν;['μέλας'];['a-s---nnc']
1253;μελάντερός;['μελάντερος'];['a-s---mn-']
1254;μελάντεροι;['μελάντερος'];['a-p---mn-']
1255;μελάντερον;['μέλας'];['a-s---nnc', 'a-s---na-']
1256;μελάντερος;['μελάντερος'];['a-s---mn-']
1257;μελάνων;['μέλας'];['a-p---ng-', 'a-p---mg-']
1258;μελαγχολίᾳ;['μελαγχολία'];['n-s---fd-']
1259;μελαγχολίαν;['μελαγχολία'];['n-s---fa-']
1260;μελαγχολίας;['μελαγχολία'];['n-s---fg-']
1261;μελαγχολικὸν;['μελαγχολικός'];['a-s---ma-', 'a-s---nn-', 'a-s---na-']
1262;μελαγχολικὸς;['μελαγχολικός'];['a-s---mn-']
1263;μελαγχολικοῦ;['μελαγχολικός'];['a-s---ng-', 'a-s---mg-']
1264;μελαγχολικῶν;['μελαγχολικός'];['a-p---ng-']
1265;μελαίνεταί;['μελαίνω'];['v3spim---']
1266;μελαίνῃ;['μέλας'];['a-s---fd-']
1267;μελαίνης;['μέλας'];['a-s---fg-']
1268;μεμαθηκότας;['μανθάνω'];['v-prpama-']
1269;μεμιγμένα;['μείγνυμι'];['v-prpmnn-']
1270;μεμιγμένη;['μείγνυμι'];['v-srpmfn-']
1271;μεμιγμένον;['μείγνυμι'];['v-srpmnn-', 'v-srpmma-']
1272;μεμνῆσθαι;['μιμνῄσκω'];['v--rnm---']
1273;μεμνημένος;['μιμνῄσκω'];['v-srpmmn-']
1274;μεσεντέριον;['μεσεντέριον'];['n-s---na-']
1275;μετὰ;['μετά'];['r--------']
1276;μετάστασιν;['μετάστασις'];['n-s---fa-']
1277;μεταβάλλων;['μεταβάλλω'];['v-sppamn-']
1278;μεταβάντες;['μεταβαίνω'];['v-papamn-']
1279;μεταβολή;['μεταβολή'];['n-s---fn-']
1280;μεταλαμβάνει;['μεταλαμβάνω'];['v3spia---']
1281;μεταξὺ;['μεταξύ'];['r--------']
1282;μεταχειριζομένοις;['μεταχειρίζω'];['v-pppmmd-']
1283;μετέχει;['μετέχω'];['v3spia---']
1284;μετρίως;['μέτριος'];['d--------']
1285;μετ’;['μετά'];['r--------']
1286;μη;['μή'];['d--------']
1287;μὴ;['μή'];['d--------']
1288;μὴν;['μήν'];['g--------']
1289;μή;['μή'];['d--------']
1290;μήπω;['μήπω'];['d--------']
1291;μήτραις;['μήτρα'];['n-p---fd-']
1292;μήτρας;['μήτρα'];['n-s---fg-']
1293;μηδὲν;['μηδείς'];['p-s---na-', 'p-s---nn-']
1294;μηδεμίαν;['μηδείς'];['p-s---fa-']
1295;μηδενὸς;['μηδείς'];['p-s---mg-', 'p-s---ng-']
1296;μηδόλως;['μηδόλως'];['d--------']
1297;μηνὶ;['μείς'];['n-s---md-']
1298;μιᾷ;['εἷς'];['m-s---fd-']
1299;μιᾶς;['εἷς'];['m-s---fg-']
1300;μιγνυμένης;['μείγνυμι'];['v-sppmfg-']
1301;μικρὸν;['μικρός'];['a-s---na-']
1302;μνημονεῦσαι;['μνημονεύω'];['v--ana---']
1303;μόνης;['μόνος'];['a-s---fg-']
1304;μόνιμον;['μόνιμος'];['a-s---fa-']
1305;μόνον;['μόνος'];['d--------']
1306;μόρια;['μόριον'];['n-p---na-']
1307;μόριον;['μόριον'];['n-s---na-']
1308;μοι;['ἐγώ'];['p-s---cd-']
1309;μορίων;['μόριον'];['n-p---ng-']
1310;μοχθηρὰς;['μοχθηρός'];['a-p---fa-']
1311;μοχθηρὸν;['μοχθηρός'];['a-s---ma-']
1312;μοχθηρότατον;['μοχθηρός'];['a-s---nns']
1313;μοχθηροτάτου;['μοχθηρός'];['a-s---ngs']
1314;μοχθηροὺς;['μοχθηρός'];['a-p---ma-']
1315;μυῖαν;['μυῖα'];['n-s---fa-']
1316;νεκρὰ;['νεκρός'];['a-s---fn-']
1317;νεύροις;['νεῦρον'];['n-p---nd-']
1318;νεῦρα;['νεῦρον'];['n-p---nn-', 'n-p---na-']
1319;νεφέλαι;['νεφέλη'];['n-p---fn-']
1320;νεφρῶν;['νεφρός'];['n-p---mg-']
1321;νεωτέροις;['νεώτερος'];['a-p---mdc']
1322;νεωτέρων;['νέος'];['a-p---ngc', 'a-p---mgc']
1323;νόσημα;['νόσημα'];['n-s---nn-', 'n-s---na-']
1324;νόσοις;['νόσος'];['n-p---fd-']
1325;νομιζομένου;['νομίζω'];['v-sppmng-']
1326;νομιστέον;['νομίζω'];['a-s---nn-']
1327;νοσεῖ;['νοσέω'];['v3spia---']
1328;νοσήμασιν;['νόσημα'];['n-p---nd-']
1329;νοσήματα;['νόσημα'];['n-p---na-']
1330;νοσημάτων;['νόσημα'];['n-p---ng-']
1331;νοσούντων;['νοσέω'];['v-pppamg-']
1332;νοσούσας;['νοσέω'];['v-pppafa-']
1333;νοσῶδες;['νοσώδης'];['a-s---na-']
1334;νοῦσος;['νόσος'];['n-s---fn-']
1335;νῦν;['νῦν'];['d--------']
1336;νυνὶ;['νυνί'];['d--------']
1337;ξανθὴ;['ξανθός'];['a-s---fn-']
1338;ξανθὴν;['ξανθός'];['a-s---fa-']
1339;ξανθήν;['ξανθός'];['a-s---fa-']
1340;ξανθῆς;['ξανθός'];['a-s---fg-']
1341;ξανθὸς;['ξανθός'];['a-s---mn-']
1342;ξανθότερον;['ξανθός'];['a-s---nnc']
1343;ξανθότερος;['ξανθός'];['a-s---mnc']
1344;ξηρὰν;['ξηρός'];['a-s---fa-']
1345;ξηρᾶς;['ξηρός'];['a-s---fg-']
1346;ξηραινόμενον;['ξηραίνω'];['v-sppmnn-']
1347;ξηραινομένων;['ξηραίνω'];['v-pppmmg-']
1348;ξηρότερα;['ξηρός'];['a-p---nnc']
1349;ξηροῖς;['ξηρός'];['a-p---nd-']
1350;ξηροτάτων;['ξηρός'];['a-p---ngs']
1351;ξηροτέραις;['ξηρός'];['a-p---fdc']
1352;ξηρῶν;['ξηρός'];['a-p---ng-']
1353;ὂν;['εἰμί'];['v-sppann-']
1354;ὄγκον;['ὄγκος'];['n-s---ma-']
1355;ὄνομα;['ὄνομα'];['n-s---na-']
1356;ὄντα;['εἰμί'];['v-pppann-']
1357;ὄντος;['εἰμί'];['v-sppang-']
1358;ὄντων;['εἰμί'];['v-pppang-']
1359;ὄξει;['ὄξος'];['n-s---nd-']
1360;ὄξος;['ὄξος'];['n-s---nn-']
1361;ὄργανον;['ὄργανον'];['n-s---nn-', 'n-s---na-']
1362;ὄσφρησιν;['ὄσφρησις'];['n-s---fa-']
1363;ὄψει;['ὁράω'];['v2sfim---']
1364;ὄψεται;['ὁράω'];['v3sfim---']
1365;ὀδύνην;['ὀδύνη'];['n-s---fa-']
1366;ὀλέθριος;['ὀλέθριος'];['a-s---fn-']
1367;ὀλεθρίως;['ὀλέθριος'];['d--------']
1368;ὀλεθριώτερον;['ὀλέθριος'];['a-s---nac']
1369;ὀλίγα;['ὀλίγος'];['a-p---na-']
1370;ὀλίγοι;['ὀλίγος'];['a-p---mn-']
1371;ὀλίγοις;['ὀλίγος'];['a-p---md-']
1372;ὀλίγον;['ὀλίγος'];['a-s---na-']
1373;ὀλιγάκις;['ὀλιγάκις'];['d--------']
1374;ὀλιγίστην;['ὀλίγιστος'];['a-s---fas']
1375;ὀλιγοχρόνιον;['ὀλιγοχρόνιος'];['a-s---na-']
1376;ὀνινάναι;['ὀνίνημι'];['v--pna---']
1377;ὀνόματα;['ὄνομα'];['n-p---nn-']
1378;ὀνομάζειν;['ὀνομάζω'];['v--pna---']
1379;ὀνομάσας;['ὀνομάζω'];['v-sapamn-']
1380;ὀνομαζόμενον;['ὀνομάζω'];['v-sppmma-']
1381;ὀνομαζόντων;['ὀνομάζω'];['v-pppamg-']
1382;ὀνομαζομένων;['ὀνομάζω'];['v-pppmmg-']
1383;ὀξέος;['ὀξύς'];['a-s---ng-']
1384;ὀξέσι;['ὀξύς'];['a-p---md-']
1385;ὀξεῖαν;['ὀξύς'];['a-s---fa-']
1386;ὀξὺ;['ὀξύς'];['a-s---nn-']
1387;ὀξύτητος;['ὀξύτης'];['n-s---fg-']
1388;ὀρεχθέντες;['ὀρέγω'];['v-pappmn-']
1389;ὀρθῶς;['ὀρθός'];['d--------']
1390;ὀρρώδη;['ὀρρώδης'];['a-s---fa-']
1391;ὀρρῶδες;['ὀρρώδης'];['a-s---nn-']
1392;ὀρρωδῶν;['ὀρρώδης'];['a-p---ng-']
1393;ὀσμὴν;['ὀσμή'];['n-s---fa-']
1394;ὁ;['ὁ'];['l-s---mn-']
1395;ὃ;['ὅς'];['p-s---na-', 'p-s---nn-']
1396;ὃν;['ὅς'];['p-s---ma-']
1397;ὅ;['ὅς'];['p-s---na-']
1398;ὅλας;['ὅλος'];['a-p---fa-']
1399;ὅλην;['ὅλος'];['a-s---fa-']
1400;ὅλκιμον;['ὅλκιμος'];['a-s---fa-']
1401;ὅλκιμος;['ὅλκιμος'];['a-s---fn-']
1402;ὅλον;['ὅλος'];['a-s---na-']
1403;ὅλου;['ὅλος'];['a-s---ng-', 'a-s---mg-']
1404;ὅλως;['ὅλος'];['d--------']
1405;ὅμοια;['ὅμοιος'];['a-p---na-']
1406;ὅμοιον;['ὅμοιος'];['a-s---nn-', 'a-s---na-']
1407;ὅντινα;['ὅστις'];['p-s---ma-']
1408;ὅντιν’;['ὅστις'];['p-s---ma-']
1409;ὅπερ;['ὅς'];['p-s---na-', 'p-s---nn-']
1410;ὅπως;['ὅπως'];['c--------']
1411;ὅσα;['ὅσος'];['p-p---na-', 'p-p---nn-']
1412;ὅσοι;['ὅσος'];['p-p---mn-']
1413;ὅσοις;['ὅσος'];['p-p---md-']
1414;ὅσον;['ὅσος'];['p-s---na-', 'p-s---nn-']
1415;ὅσῳ;['ὅσος'];['p-s---nd-']
1416;ὅταν;['ὅταν'];['c--------']
1417;ὅτε;['ὅτε'];['c--------']
1418;ὅτι;['ὅτι'];['c--------']
1419;ὁδὸν;['ὁδός'];['n-s---fa-']
1420;ὁκόσοι;['ὁπόσος'];['p-p---mn-']
1421;ὁκόταν;['ὁπόταν'];['c--------']
1422;ὁκοῖα;['ὁποῖος'];['p-p---na-']
1423;ὁμαλὴ;['ὁμαλός'];['a-s---fn-']
1424;ὁμιλεῖ;['ὁμιλέω'];['v3spia---']
1425;ὁμιλήσειεν;['ὁμιλέω'];['v3saoa---']
1426;ὁμιλούντων;['ὁμιλέω'];['v-pppamg-']
1427;ὁμόσε;['ὁμόσε'];['d--------']
1428;ὁμοδοξούντων;['ὁμοδοξέω'];['v-pppamg-']
1429;ὁμοίοις;['ὅμοιος'];['a-p---nd-']
1430;ὁμοίως;['ὅμοιος'];['d--------']
1431;ὁμοιοῦσθαι;['ὁμοιόω'];['v--pnm---']
1432;ὁμολογεῖ;['ὁμολογέω'];['v3spia---']
1433;ὁμολογεῖν;['ὁμολογέω'];['v--pna---']
1434;ὁμολογουμένῳ;['ὁμολογέω'];['v-sppmnd-']
1435;ὁμοτίμως;['ὁμότιμος'];['d--------']
1436;ὁμωνύμων;['ὁμώνυμος'];['a-p---ng-']
1437;ὁμωνυμίαν;['ὁμωνυμία'];['n-s---fa-']
1438;ὁντιναοῦν;['ὅστις'];['p-s---ma-']
1439;ὁπόσα;['ὁπόσος'];['p-p---na-', 'p-p---nn-']
1440;ὁποία;['ὁποῖος'];['p-s---fn-']
1441;ὁποῖα;['ὁποῖος'];['p-p---nn-']
1442;ὁποῖόν;['ὁποῖος'];['p-s---nn-']
1443;ὁποῖον;['ὁποῖος'];['p-s---nn-']
1444;ὁποῖος;['ὁποῖος'];['p-s---mn-']
1445;ὁρᾶται;['ὁράω'];['v3spim---']
1446;ὁρμὴν;['ὁρμή'];['n-s---fa-']
1447;ὁρώντων;['ὁράω'];['v-pppamg-']
1448;ὁρῶμεν;['ὁράω'];['v1ppia---']
1449;ὁρῶσιν;['ὁράω'];['v3ppia---']
1450;οἴνῳ;['οἶνος'];['n-s---md-']
1451;οἶδ’;['οἶδα'];['v1sria---']
1452;οἶμαι;['οἴομαι'];['v1spim---']
1453;οἶνος;['οἶνος'];['n-s---mn-']
1454;οἰηθείη;['οἴομαι'];['v3saop---']
1455;οἰκείῳ;['οἰκεῖος'];['a-s---md-']
1456;οἰκείων;['οἰκεῖος'];['a-p---ng-']
1457;οἰκεῖον;['οἰκεῖος'];['a-s---ma-', 'a-s---na-']
1458;οἰκεῖος;['οἰκεῖος'];['a-s---mn-']
1459;οἰχήσεται;['οἴχομαι'];['v3sfim---']
1460;οἱ;['ὁ'];['l-p---mn-']
1461;οἵ;['ὁ'];['l-p---mn-']
1462;οἵγε;['ὅσγε'];['p-p---nn-']
1463;οἷα;['οἷος'];['p-p---nn-']
1464;οἷόν;['οἷος'];['p-s---nn-']
1465;οἷον;['οἷος'];['p-s---na-', 'p-s---nn-']
1466;οἷς;['ὅς'];['p-p---nd-', 'p-p---md-']
1467;οἷσιν;['ὅς'];['p-p---nd-']
1468;οὐ;['οὐ'];['d--------']
1469;οὔ;['οὐ'];['d--------']
1470;οὔκουν;['οὔκουν'];['g--------']
1471;οὔροισι;['ὅρος'];['n-p---nd-']
1472;οὔροισιν;['οὖρον'];['n-p---nd-']
1473;οὔρων;['ὅρος'];['n-p---mg-', 'n-p---ng-']
1474;οὔσας;['εἰμί'];['v-pppafa-']
1475;οὔσης;['εἰμί'];['v-sppafg-']
1476;οὖν;['οὖν'];['g--------']
1477;οὖρα;['οὖρον'];['n-p---na-']
1478;οὖρόν;['οὖρος'];['n-s---nn-']
1479;οὖρον;['οὖρος'];['n-s---nn-']
1480;οὖσαν;['εἰμί'];['v-sppafa-']
1481;οὐδαμόθι;['οὐδαμόθι'];['d--------']
1482;οὐδαμῶς;['οὐδαμῶς'];['d--------']
1483;οὐδὲν;['οὐδείς'];['p-s---na-', 'p-s---nn-']
1484;οὐδέν;['οὐδείς'];['p-s---na-']
1485;οὐδεὶς;['οὐδείς'];['p-s---mn-']
1486;οὐδεμία;['οὐδείς'];['p-s---fn-']
1487;οὐδεμίαν;['οὐδείς'];['p-s---fa-']
1488;οὐδεμιᾶς;['οὐδείς'];['p-s---fg-']
1489;οὐδενὸς;['οὐδείς'];['p-s---ng-']
1490;οὐκ;['οὐ'];['d--------']
1491;οὐκοῦν;['οὐκοῦν'];['g--------']
1492;οὐρέει;['οὐρέω'];['v3spia---']
1493;οὐρέωσι;['οὐρέω'];['v3ppsa---']
1494;οὐρεῖται;['οὐρέω'];['v3spim---']
1495;οὐρητικοῖς;['οὐρητικός'];['a-p---nd-']
1496;οὐρητικῶν;['οὐρητικός'];['a-p---ng-']
1497;οὐσία;['οὐσία'];['n-s---fn-']
1498;οὐσίαι;['οὐσία'];['n-p---fn-']
1499;οὐσίας;['οὐσία'];['n-s---fg-']
1500;οὐχ;['οὐ'];['d--------']
1501;οὐχὶ;['οὐ'];['d--------']
1502;οὓς;['ὅς'];['p-p---ma-']
1503;οὕτω;['οὕτως'];['d--------']
1504;οὕτως;['οὕτως'];['d--------']
1505;οὗ;['ὅς'];['p-s---mg-', 'p-s---ng-']
1506;οὗτοι;['οὗτος'];['p-p---mn-']
1507;οὗτος;['οὗτος'];['p-s---mn-']
1508;πάθεσιν;['πάθος'];['n-p---nd-']
1509;πάθη;['πάθος'];['n-p---nn-', 'n-p---na-']
1510;πάθος;['πάθος'];['n-s---nn-', 'n-s---na-']
1511;πάλιν;['πάλιν'];['d--------']
1512;πάμπολυ;['πάμπολυς'];['a-s---na-']
1513;πάντα;['πᾶς'];['p-s---ma-', 'p-p---na-', 'p-p---nn-']
1514;πάντας;['πᾶς'];['p-p---ma-']
1515;πάντες;['πᾶς'];['p-p---mn-']
1516;πάντων;['πᾶς'];['p-p---mg-', 'p-p---ng-']
1517;πάντως;['πάντως'];['d--------']
1518;πάντ’;['πᾶς'];['p-p---na-']
1519;πάνυ;['πάνυ'];['d--------']
1520;πάσχοντας;['πάσχω'];['v-pppama-']
1521;πάχος;['πάχος'];['n-s---na-']
1522;πᾶν;['πᾶς'];['p-s---na-', 'p-s---nn-']
1523;πᾶσαι;['πᾶς'];['p-p---fn-']
1524;πᾶσιν;['πᾶς'];['p-p---nd-', 'p-p---md-']
1525;παθῶν;['πάθος'];['n-p---ng-']
1526;παιδίοισι;['παιδίον'];['n-p---md-']
1527;παλαιοὶ;['παλαιός'];['a-p---mn-']
1528;παλαιοῖς;['παλαιός'];['a-p---md-']
1529;παλαιῶν;['παλαιός'];['a-p---mg-']
1530;παντάπασιν;['παντάπασι'];['d--------']
1531;παντὶ;['πᾶς'];['p-s---md-']
1532;παντὸς;['πᾶς'];['p-s---ng-']
1533;παρὰ;['παρά'];['r--------']
1534;παραγεγραμμένην;['παραγράφω'];['v-srpmfa-']
1535;παραγίνεται;['παραγίγνομαι'];['v3spim---']
1536;παρακοπὰς;['παρακοπή'];['n-p---fa-']
1537;παραλαμβάνοντες;['παραλαμβάνω'];['v-pppamn-']
1538;παραλελυμένων;['παραλύω'];['v-prpmng-']
1539;παραλίποι;['παραλείπω'];['v3saoa---']
1540;παραλιπεῖν;['παραλείπω'];['v--ana---']
1541;παραλιπόντες;['παραλείπω'];['v-papamn-']
1542;παραλύσεως;['παράλυσις'];['n-s---fg-']
1543;παραπλήσια;['παραπλήσιος'];['a-p---na-']
1544;παραπλήσιος;['παραπλήσιος'];['a-s---mn-']
1545;παραπλησία;['παραπλήσιος'];['a-s---fn-']
1546;παραπλησίαν;['παραπλήσιος'];['a-s---fa-']
1547;παραπλησίως;['παραπλήσιος'];['d--------']
1548;παρασκευάσας;['παρασκευάζω'];['v-sapamn-']
1549;παραφυλάξας;['παραφυλάσσω'];['v-sapamn-']
1550;παραχρῆμα;['παραχρῆμα'];['d--------']
1551;παρδάλεών;['πάρδαλις'];['n-p---fg-']
1552;παρέλιπεν;['παραλείπω'];['v3saia---']
1553;παρέλιπον;['παραλείπω'];['v3paia---']
1554;παρέμπτωσις;['παρέμπτωσις'];['n-s---fn-']
1555;παρέργῳ;['πάρεργος'];['n-s---nd-']
1556;παρέχει;['παρέχω'];['v3spia---']
1557;παρέχειν;['παρέχω'];['v--pna---']
1558;παρέχον;['παρέχω'];['v-sppann-']
1559;παρεμπτώσεως;['παρέμπτωσις'];['n-s---fg-']
1560;παρονομάσαντες;['παρονομάζω'];['v-papamn-']
1561;παροξύνεσθαι;['παροξύνω'];['v--pnm---']
1562;παρούσης;['πάρειμι'];['v-sppafg-']
1563;πατέρες;['πατήρ'];['n-p---mn-']
1564;παχέα;['παχύς'];['a-p---nn-']
1565;παχεῖ;['παχύς'];['a-s---nd-']
1566;παχεῖς;['παχύς'];['a-p---mn-']
1567;παχὺ;['παχύς'];['a-s---nn-', 'a-s---na-']
1568;παχὺν;['παχύς'];['a-s---ma-']
1569;παχύς;['παχύς'];['a-s---mn-']
1570;παχύτερα;['παχύς'];['a-p---nnc']
1571;παχύτερον;['παχύς'];['a-s---nnc', 'a-s---nac']
1572;παχύτερος;['παχύς'];['a-s---mnc']
1573;παχυμερέστερον;['παχυμερής'];['a-s---nnc']
1574;παχυμερεῖ;['παχυμερής'];['a-s---nd-']
1575;παχυμερῶν;['παχυμερής'];['a-p---ng-']
1576;παχυνόμενόν;['παχύνω'];['v-sppmnn-']
1577;παχυχύμοις;['παχύχυμος'];['a-p---nd-']
1578;πέριξ;['πέριξ'];['d--------']
1579;πέφυκεν;['φύω'];['v3sria---']
1580;πέψιν;['πέψις'];['n-s---fa-']
1581;πείρας;['πεῖρα'];['n-s---fg-']
1582;πειρᾶται;['πειράω'];['v3spim---']
1583;πειρασόμεθα;['πειράω'];['v1pfim---']
1584;πειρώμενοι;['πειράω'];['v-pppmmn-']
1585;πεισθεὶς;['πείθω'];['v-sappmn-']
1586;πεπανθῇ;['πεπαίνω'];['v3sasp---']
1587;πεπείσμεθα;['πείθω'];['v1prim---']
1588;πεπεισμένα;['πείθω'];['v-prpmna-']
1589;πεπεισμένος;['πείθω'];['v-srpmmn-']
1590;πεπεισμένων;['πείθω'];['v-prpmmg-']
1591;πεπηγὸς;['πήγνυμι'];['v-srpana-']
1592;πεπιστευμένων;['πιστεύω'];['v-prpmmg-']
1593;πεποιηκέναι;['ποιέω'];['v--rna---']
1594;πεπονθὸς;['πάσχω'];['v-srpana-']
1595;πεπονθόσι;['πάσχω'];['v-prpand-']
1596;πεπονθυίας;['πάσχω'];['v-prpafa-']
1597;πεπτόμενον;['πέσσω'];['v-sppmnn-']
1598;περ;['περ'];['d--------']
1599;περὶ;['περί'];['r--------']
1600;περίττωμα;['περίσσωμα'];['n-s---nn-']
1601;περιέχεσθαι;['περιέχω'];['v--pnm---']
1602;περιέχεται;['περιέχω'];['v3spim---']
1603;περιέχον;['περιέχω'];['v-sppann-']
1604;περιέχονται;['περιέχω'];['v3ppim---']
1605;περιεκτικὸν;['περιεκτικός'];['a-s---na-']
1606;περιεξήνθησε;['περιεξανθέω'];['v3saia---']
1607;περιεσομένοισι;['περιέννυμι'];['v-pfpmmd-']
1608;περιεχόμενοι;['περιέχω'];['v-pppmmn-']
1609;περιεχόμενος;['περιέχω'];['v-sppmmn-']
1610;περιεχόντων;['περιέχω'];['v-pppang-']
1611;περιεχομένους;['περιέχω'];['v-pppmma-']
1612;περιεχουσῶν;['περιέχω'];['v-pppafg-']
1613;περιστεραῖς;['περιστερά'];['n-p---fd-']
1614;περιταμὼν;['περιτέμνω'];['v-sapamn-']
1615;περιττὸν;['περισσός'];['a-s---na-']
1616;περιττόν;['περισσός'];['a-s---nn-']
1617;περιττώματος;['περίσσωμα'];['n-s---ng-']
1618;περιττωμάτων;['περίσσωμα'];['n-p---ng-']
1619;πεταλώδεες;['πεταλώδης'];['a-p---fn-']
1620;πεφυκόσιν;['φύω'];['v-prpamd-']
1621;πήγνυσθαι;['πήγνυμι'];['v--pnm---']
1622;πήγνυται;['πήγνυμι'];['v3spim---']
1623;πήγνυταί;['πήγνυμι'];['v3spim---']
1624;πῆξιν;['πῆξις'];['n-s---fa-']
1625;πηγνύμενός;['πήγνυμι'];['v-sppmmn-']
1626;πηγνύμενον;['πήγνυμι'];['v-sppmnn-']
1627;πίττῃ;['πίσσα'];['n-s---fd-']
1628;πιθανὸν;['πιθανός'];['a-s---na-']
1629;πικρὸς;['πικρός'];['a-s---mn-']
1630;πικρότητα;['πικρότης'];['n-s---fa-']
1631;πικρόχολός;['πικρόχολος'];['a-s---mn-']
1632;πικρόχολον;['πικρόχολος'];['a-s---ma-', 'a-s---nn-']
1633;πικρόχολος;['πικρόχολος'];['a-s---mn-']
1634;πικροχόλου;['πικρόχολος'];['a-s---ng-']
1635;πινομένων;['πίνω'];['v-pppmng-']
1636;πιστὸν;['πιστός'];['a-s---nn-']
1637;πιτυρώδεες;['πιτυρώδης'];['a-p---fn-']
1638;πλέον;['πολύς'];['a-s---nnc', 'a-s---nac']
1639;πλείονι;['πολύς'];['a-s---mdc']
1640;πλείοσιν;['πολύς'];['a-p---fdc']
1641;πλείους;['πολύς'];['a-p---fnc']
1642;πλείστην;['πολύς'];['a-s---fas']
1643;πλείστοις;['πολύς'];['a-p---mds']
1644;πλείω;['πολύς'];['a-p---nnc']
1645;πλείων;['πολύς'];['a-s---fnc']
1646;πλεῖον;['πολύς'];['a-s---nac']
1647;πλεῖστον;['πολύς'];['a-s---nas']
1648;πλεῖστος;['πολύς'];['a-s---mns']
1649;πλεόνων;['πολύς'];['a-p---ngc']
1650;πλεονάζον;['πλεονάζω'];['v-sppana-']
1651;πλεονάσασαν;['πλεονάζω'];['v-sapafa-']
1652;πλεονεξία;['πλεονεξία'];['n-s---fn-']
1653;πλὴν;['πλήν'];['r--------']
1654;πλήθεος;['πλῆθος'];['n-s---ng-']
1655;πλῆθος;['πλῆθος'];['n-s---nn-']
1656;πληροῦν;['πληρόω'];['v--pna---']
1657;πνεύμονά;['πνεύμων'];['n-s---ma-']
1658;πνεύμονος;['πνεύμων'];['n-s---mg-']
1659;πόνον;['πόνος'];['n-s---ma-']
1660;πόρους;['πόρος'];['n-p---ma-']
1661;πότερον;['πότερος'];['g--------']
1662;ποθὲν;['ποθεν'];['d--------']
1663;ποιεῖσθαι;['ποιέω'];['v--pnm---']
1664;ποιήσηται;['ποιέω'];['v3sasm---']
1665;ποιῆσαί;['ποιέω'];['v--ana---']
1666;ποιησάμενοι;['ποιέω'];['v-papmmn-']
1667;ποικιλία;['ποικιλία'];['n-s---fn-']
1668;ποιόν;['ποιός'];['a-s---na-']
1669;ποιότησιν;['ποιότης'];['n-p---fd-']
1670;ποιότητα;['ποιότης'];['n-s---fa-']
1671;ποιότητας;['ποιότης'];['n-p---fa-']
1672;ποιότητος;['ποιότης'];['n-s---fg-']
1673;ποιοῦνται;['ποιέω'];['v3ppim---']
1674;ποιοῦντας;['ποιέω'];['v-pppama-']
1675;πολλὰ;['πολύς'];['a-p---nn-']
1676;πολλάκις;['πολλάκις'];['d--------']
1677;πολλαῖς;['πολύς'];['a-p---fd-']
1678;πολλαπλασίῳ;['πολλαπλάσιος'];['a-s---nd-']
1679;πολλὴ;['πολύς'];['a-s---fn-']
1680;πολλοὶ;['πολύς'];['a-p---mn-']
1681;πολλοῖς;['πολύς'];['a-p---md-']
1682;πολλοῦ;['πολύς'];['a-s---mg-']
1683;πολλῷ;['πολύς'];['a-s---md-', 'a-s---nd-']
1684;πολλῶν;['πολύς'];['a-p---ng-', 'a-p---mg-']
1685;πολὺ;['πολύς'];['a-s---na-']
1686;πολὺν;['πολύς'];['a-s---ma-']
1687;πολυχρονιώτερον;['πολυχρόνιος'];['a-s---nnc']
1688;πονηρὰς;['πονηρός'];['a-p---fa-']
1689;πονηραί;['πονηρός'];['a-p---fn-']
1690;ποσὸν;['ποσός'];['a-s---na-']
1691;ποτὰ;['ποτός'];['a-p---na-']
1692;ποτε;['ποτέ'];['d--------']
1693;ποτὲ;['ποτέ'];['d--------']
1694;ποτοῦ;['ποτός'];['a-s---mg-']
1695;ποτ’;['ποτέ'];['d--------']
1696;πράγματος;['πρᾶγμα'];['n-s---ng-']
1697;πράξειε;['πράσσω'];['v3saoa---']
1698;πράξωμεν;['πράσσω'];['v1pasa---']
1699;πράσων;['πράσον'];['n-p---ng-']
1700;πράττειν;['πράσσω'];['v--pna---']
1701;πρᾶγμα;['πρᾶγμα'];['n-s---na-']
1702;πρᾶξαι;['πράσσω'];['v--ana---']
1703;πραγμάτων;['πρᾶγμα'];['n-p---ng-']
1704;πραγματείᾳ;['πραγματεία'];['n-s---fd-']
1705;πραγματείαν;['πραγματεία'];['n-s---fa-']
1706;πραγματεύεσθαι;['πραγματεύομαι'];['v--pnm---']
1707;πρασοειδής;['πρασοειδής'];['a-s---fn-']
1708;πρεσβυτέραις;['πρέσβυς'];['a-p---fdc']
1709;πρεσβυτέρους;['πρέσβυς'];['a-p---mac']
1710;πρὶν;['πρίν'];['c--------']
1711;πρὸ;['πρό'];['r--------']
1712;πρὸς;['πρός'];['r--------']
1713;πρό;['πρό'];['r--------']
1714;πρόγνωσίν;['πρόγνωσις'];['n-s---fa-']
1715;πρόδηλον;['πρόδηλος'];['a-s---nn-']
1716;πρόκειταί;['πρόκειμαι'];['v3spim---']
1717;πρόσθεν;['πρόσθεν'];['d--------']
1718;πρότερον;['πρότερος'];['d-------c']
1719;προαίρεσιν;['προαίρεσις'];['n-s---fa-']
1720;προαιρούμενος;['προαιρέω'];['v-sppmmn-']
1721;προαιρουμένοις;['προαιρέω'];['v-pppmmd-']
1722;προγνωστικὸν;['προγνωστικός'];['a-s---na-']
1723;προειλόμην;['προαιρέω'];['v1saim---']
1724;προελομένοις;['προαιρέω'];['v-papmmd-']
1725;προθεμένῳ;['προτίθημι'];['v-sapmmd-']
1726;προκειμένην;['πρόκειμαι'];['v-srpmfa-']
1727;προνοεῖσθαί;['προνοέω'];['v--pnm---']
1728;προνοητικῶς;['προνοητικός'];['d--------']
1729;προπαρασκευάζειν;['προπαρασκευάζω'];['v--pna---']
1730;προσαγορεύουσι;['προσαγορεύω'];['v3ppia---']
1731;προσδέχεσθαι;['προσδέχομαι'];['v--pnm---']
1732;προσενέγκασθαι;['προσφέρω'];['v--anm---']
1733;προσενέγκῃ;['προσφέρω'];['v3sasa---']
1734;προσηγορίᾳ;['προσηγορία'];['n-s---fd-']
1735;προσηγορίας;['προσηγορία'];['n-s---fg-']
1736;προσηκόντως;['προσηκόντως'];['d--------']
1737;προσθέντα;['προστίθημι'];['v-sapama-']
1738;προσθέντων;['προστίθημι'];['v-papamg-']
1739;προσθεῖναι;['προστίθημι'];['v--ana---']
1740;προσθήσω;['προστίθημι'];['v1sfia---']
1741;προσπιπτόντων;['προσπίπτω'];['v-pppang-']
1742;προστέλλεσθαί;['προστέλλω'];['v--pnm---']
1743;προστήσασθαι;['προΐστημι'];['v--anm---']
1744;προσφερομένοις;['προσφέρω'];['v-pppmnd-']
1745;προτέρου;['πρότερος'];['a-s---ngc']
1746;προτρεψαμένης;['προσρέπω'];['v-sapmfg-']
1747;πρώτην;['πρῶτος'];['a-s---fa-']
1748;πρώτῳ;['πρῶτος'];['a-s---md-']
1749;πρῶτον;['πρῶτος'];['a-s---na-']
1750;πρῶτος;['πρῶτος'];['a-s---mn-']
1751;πυκνότητα;['πυκνότης'];['n-s---fa-']
1752;πυρέξαι;['πυρέσσω'];['v--ana---']
1753;πυρετοῖς;['πυρετός'];['n-p---md-']
1754;πυρετοῦ;['πυρετός'];['n-s---mg-']
1755;πυρετῷ;['πυρετός'];['n-s---md-']
1756;πυρετῶν;['πυρετός'];['n-p---mg-']
1757;πυρρόν;['πυρρός'];['a-s---nn-']
1758;πῶς;['πῶς'];['d--------']
1759;ῥᾷον;['ῥᾴδιος'];['a-s---nnc']
1760;ῥᾷστον;['ῥᾴδιος'];['a-s---nns']
1761;ῥᾳδίως;['ῥᾴδιος'];['d--------']
1762;ῥεῖ;['ῥέω'];['v3spia---']
1763;ῥήσεως;['ῥῆσις'];['n-s---fg-']
1764;σάρκας;['σάρξ'];['n-p---fa-']
1765;σαρκῶδες;['σαρκώδης'];['a-s---na-']
1766;σαφὴς;['σαφής'];['a-s---fn-']
1767;σαφῶς;['σαφής'];['d--------']
1768;σε;['σύ'];['p-s---ca-']
1769;σημαίνει;['σημαίνω'];['v3spia---']
1770;σημείοις;['σημεῖον'];['n-p---nd-']
1771;σημεῖα;['σημεῖον'];['n-p---nn-']
1772;σημεῖον;['σημεῖον'];['n-s---nn-']
1773;σηπόμενα;['σήπω'];['v-pppmnn-']
1774;σιτία;['σιτίον'];['n-p---na-']
1775;σιτίων;['σιτίον'];['n-p---ng-']
1776;σιωπᾷν;['σιωπάω'];['v--pna---']
1777;σιωπῆς;['σιωπή'];['n-s---fg-']
1778;σιωπῶν;['σιωπάω'];['v-sppamn-']
1779;σκέλη;['σκέλος'];['n-p---na-']
1780;σκέψεως;['σκέψις'];['n-s---fg-']
1781;σκίρρον;['σκίρρος'];['n-s---ma-']
1782;σκοπέειν;['σκοπέω'];['v--pna---']
1783;σμικρῶν;['μικρός'];['a-p---ng-']
1784;σοφίζονται;['σοφίζω'];['v3ppim---']
1785;σοφίσματα;['σόφισμα'];['n-p---na-']
1786;σοφιζομένων;['σοφίζω'];['v-pppmmg-']
1787;σοφιστικοῖς;['σοφιστικός'];['a-p---md-']
1788;σοφιστικοὺς;['σοφιστικός'];['a-p---ma-']
1789;σοφιστικῶς;['σοφιστικός'];['d--------']
1790;σπλάγχνον;['σπλάγχνον'];['n-s---na-']
1791;σπλάχνον;['σπλάχνον'];['n-s---na-']
1792;σπλάχνου;['σπλάχνον'];['n-s---ng-']
1793;σπλὴν;['σπλήν'];['n-s---mn-']
1794;σπλήν;['σπλήν'];['n-s---mn-']
1795;σπλῆνα;['σπλήν'];['n-s---ma-']
1796;σπληνὸς;['σπλήν'];['n-s---mg-']
1797;σπουδάζουσι;['σπουδάζω'];['v3ppia---']
1798;σπουδάσαντες;['σπουδάζω'];['v-papamn-']
1799;στάξει;['στάζω'];['v3sfia---']
1800;στῇ;['στάζω'];['v3sasa---']
1801;στηριχθῶσι;['στηρίζω'];['v3pasp---']
1802;στοιχείων;['στοιχεῖον'];['n-p---ng-']
1803;στρυφνὴν;['στρυφνός'];['a-s---fa-']
1804;στρυφνὸν;['στρυφνός'];['a-s---na-']
1805;στρυφνότητος;['στρυφνότης'];['n-s---fg-']
1806;στρυφνοῦ;['στρυφνός'];['a-s---ng-']
1807;σὺν;['σύν'];['r--------']
1808;σύμπαν;['σύμπας'];['a-s---nn-', 'a-s---na-']
1809;σύστασιν;['σύστασις'];['n-s---fa-']
1810;συγκεχυμένον;['συγχέω'];['v-srpmna-']
1811;συγχωρήσουσιν;['συγχωρέω'];['v3pfia---']
1812;συγχωρηθείη;['συγχωρέω'];['v3saop---']
1813;συμβαίνει;['συμβαίνω'];['v3spia---']
1814;συμβαίνοντος;['συμβαίνω'];['v-sppang-']
1815;συμβαίνουσα;['συμβαίνω'];['v-sppafn-']
1816;συμβέβηκε;['συμβαίνω'];['v3sria---']
1817;συμμέτρως;['σύμμετρος'];['d--------']
1818;συμμιγεὶς;['συμμείγνυμι'];['v-sappmn-']
1819;συμπεράσματα;['συμπέρασμα'];['n-p---na-']
1820;συμπτώματι;['σύμπτωμα'];['n-s---nd-']
1821;συμπτωμάτων;['σύμπτωμα'];['n-p---ng-']
1822;συναγορεύοντες;['συναγορεύω'];['v-pppamn-']
1823;συναναφέρεσθαί;['συναναφέρω'];['v--pnm---']
1824;συναναφέρεται;['συναναφέρω'];['v3spim---']
1825;συνέβαινε;['συμβαίνω'];['v3siia---']
1826;συνέβαινεν;['συμβαίνω'];['v3siia---']
1827;συνέθεσαν;['συντίθημι'];['v3paia---']
1828;συνειλημμένα;['συλλαμβάνω'];['v-prpmna-']
1829;συνελογίσατο;['συλλογίζομαι'];['v3saim---']
1830;συνεστήσαντο;['συνίστημι'];['v3paim---']
1831;συνισταμένοις;['συνίστημι'];['v-pppmnd-']
1832;συντελοῦνται;['συντελέω'];['v3ppim---']
1833;συντήξιος;['σύντηξις'];['n-s---fg-']
1834;συντόμῳ;['σύντομος'];['a-s---nd-']
1835;συσκιάζειν;['συσκιάζω'];['v--pna---']
1836;συστάσει;['σύστασις'];['n-s---fd-']
1837;συστάσεως;['σύστασις'];['n-s---fg-']
1838;σφαλέντες;['σφάλλω'];['v-pappmn-']
1839;σφαλερῶς;['σφαλερός'];['d--------']
1840;σώμασι;['σῶμα'];['n-p---nd-']
1841;σώματι;['σῶμα'];['n-s---nd-']
1842;σώματος;['σῶμα'];['n-s---ng-']
1843;σῶμα;['σῶμα'];['n-s---nn-', 'n-s---na-']
1844;σωμάτων;['σῶμα'];['n-p---ng-']
1845;σωτήριον;['σωτήριος'];['a-s---nn-']
1846;σωτηρίᾳ;['σωτηρία'];['n-s---fd-']
1847;τα-;['ὁ'];['l-s---na-', 'l-s---mg-', 'l-s---md-']
1848;τὰ;['ὁ'];['l-p---na-', 'l-p---nn-']
1849;τὰς;['ὁ'];['l-p---fa-']
1850;τά;['ὁ'];['l-p---na-', 'l-p---nn-']
1851;τἀνδρὶ;['ἀνήρ'];['n-s---md-']
1852;τἀνθρώπου;['ἄνθρωπος'];['n-s---mg-']
1853;ταῖς;['ὁ'];['l-p---fd-']
1854;ταριχευθείη;['ταριχεύω'];['v3saop---']
1855;ταύρεια;['ταύρειος'];['a-p---nn-']
1856;ταύτας;['οὗτος'];['p-p---fa-']
1857;ταύτην;['οὗτος'];['p-s---fa-']
1858;ταύτης;['οὗτος'];['p-s---fg-']
1859;ταὐτὸ;['αὐτός'];['p-s---na-']
1860;ταῦθ’;['οὗτος'];['p-p---na-']
1861;ταῦτα;['οὗτος'];['p-p---na-', 'p-p---nn-']
1862;ταῦτά;['οὗτος'];['p-p---nn-']
1863;ταῦτ’;['οὗτος'];['p-p---na-']
1864;ταυτὶ;['οὗτος'];['p-p---nn-']
1865;τε;['τε'];['c--------']
1866;τέ;['τε'];['g--------']
1867;τέμνοντας;['τέμνω'];['v-pppama-']
1868;τέτταρας;['τέσσαρες'];['m-p---ma-']
1869;τέχνη;['τέχνη'];['n-s---fn-']
1870;τέχνην;['τέχνη'];['n-s---fa-']
1871;τέχνης;['τέχνη'];['n-s---fg-']
1872;τεθραμμένων;['τρέφω'];['v-prpmmg-']
1873;τεκμαίρονται;['τεκμαίρομαι'];['v3ppim---']
1874;τεκμήριόν;['τεκμήριον'];['n-s---nn-']
1875;τεκμήριον;['τεκμήριον'];['n-s---nn-', 'n-s---na-']
1876;τελέως;['τέλειος'];['d--------']
1877;τελευτᾷ;['τελευτάω'];['v3spia---']
1878;τελευτῶσαν;['τελευτάω'];['v-sppafa-']
1879;τεμὼν;['τέμνω'];['v-sapamn-']
1880;τετάρτην;['τέταρτος'];['a-s---fa-']
1881;τετύχηκεν;['τυγχάνω'];['v3sria---']
1882;τὴν;['ὁ'];['l-s---fa-']
1883;τήν;['ὁ'];['l-s---fa-']
1884;τήνδε;['ὅδε'];['p-s---fa-']
1885;τῇ;['ὁ'];['l-s---fd-']
1886;τῇδε;['τῇδε'];['d--------']
1887;τῇσι;['ὁ'];['l-p---fd-']
1888;τῆς;['ὁ'];['l-s---fg-']
1889;τῆσδε;['ὅδε'];['p-s---fg-']
1890;τι;['τις'];['p-s---na-', 'p-s---nn-']
1891;τί;['τίς'];['p-s---na-']
1892;τίθενται;['τίθημι'];['v3ppim---']
1893;τίνα;['τίς'];['p-p---na-', 'p-s---ca-', 'p-p---nn-']
1894;τίνος;['τίς'];['p-s---cg-', 'p-s---ng-']
1895;τίνων;['τίς'];['p-p---ng-']
1896;τιμῆς;['τιμή'];['n-s---fg-']
1897;τινα;['τις'];['p-p---na-', 'p-s---ca-']
1898;τινὰ;['τις'];['p-p---na-', 'p-s---ca-', 'p-p---nn-']
1899;τινὰς;['τις'];['p-p---ca-']
1900;τινας;['τις'];['p-p---ca-']
1901;τινὲς;['τις'];['p-p---cn-']
1902;τινες;['τις'];['p-p---cn-']
1903;τινι;['τις'];['p-s---cd-']
1904;τινος;['τις'];['p-s---ng-']
1905;τις;['τις'];['p-s---cn-']
1906;το-;['ὁ'];['l-s---na-', 'l-s---nn-']
1907;τὸ;['ὁ'];['l-s---na-', 'l-s---nn-']
1908;τὸν;['ὁ'];['l-s---ma-']
1909;τό;['ὁ'];['l-s---nn-']
1910;τότε;['τότε'];['d--------']
1911;τοι;['τοι'];['g--------']
1912;τοῖς;['ὁ'];['l-p---md-', 'l-p---nd-']
1913;τοῖσι;['ὁ'];['l-p---md-', 'l-p---nd-']
1914;τοῖσιν;['ὁ'];['l-p---md-', 'l-p---nd-']
1915;τοιαύτας;['τοιοῦτος'];['p-p---fa-']
1916;τοιαύτη;['τοιοῦτος'];['p-s---fn-']
1917;τοιαύτην;['τοιοῦτος'];['p-s---fa-']
1918;τοιαύτης;['τοιοῦτος'];['p-s---fg-']
1919;τοιαῦτα;['τοιοῦτος'];['p-p---na-', 'p-p---nn-']
1920;τοιούτου;['τοιοῦτος'];['p-s---mg-', 'p-s---ng-']
1921;τοιούτων;['τοιοῦτος'];['p-p---ng-']
1922;τοιοῦτο;['τοιοῦτος'];['p-s---na-', 'p-s---nn-']
1923;τοιοῦτός;['τοιοῦτος'];['p-s---mn-']
1924;τοιοῦτον;['τοιοῦτος'];['p-s---ma-', 'p-s---na-']
1925;τοιοῦτος;['τοιοῦτος'];['p-s---mn-']
1926;τομῆς;['τομή'];['n-s---fg-']
1927;τοσαύτην;['τοσοῦτος'];['p-s---fa-']
1928;τοὺς;['ὁ'];['l-p---ma-']
1929;τούς;['ὁ'];['l-p---ma-']
1930;τούτοις;['οὗτος'];['p-p---nd-']
1931;τούτου;['οὗτος'];['p-s---ng-']
1932;τούτῳ;['οὗτος'];['p-s---nd-', 'p-s---md-']
1933;τούτων;['οὗτος'];['p-p---ng-']
1934;τοὔνομα;['ὄνομα'];['n-s---na-']
1935;τοὐναντίον;['ἐναντίος'];['a-s---na-']
1936;τοὐπίπαν;['ἐπίπαν'];['d--------']
1937;τοῦ;['ὁ'];['l-s---ng-', 'l-s---mg-']
1938;τοῦδε;['ὅδε'];['p-s---ng-']
1939;τοῦθ’;['οὗτος'];['p-s---na-']
1940;τοῦτο;['οὗτος'];['p-s---na-', 'p-s---nn-']
1941;τοῦτό;['οὗτος'];['p-s---na-', 'p-s---nn-']
1942;τοῦτον;['οὗτος'];['p-s---ma-']
1943;τοῦτ’;['οὗτος'];['p-s---na-', 'p-s---nn-']
1944;τουτέοισιν;['τόυτεος'];['a-p---md-']
1945;τουτέων;['οὗτος'];['p-p---fg-']
1946;τράγεια;['τράγειος'];['a-p---nn-']
1947;τραχεῖαν;['τραχύς'];['a-s---fa-']
1948;τρέφει;['τρέφω'];['v3spia---']
1949;τρέφεσθαι;['τρέφω'];['v--pnm---']
1950;τρέφεται;['τρέφω'];['v3spim---']
1951;τρέφοντος;['τρέφω'];['v-sppamg-']
1952;τρέφων;['τρέφω'];['v-sppamn-']
1953;τρεῖς;['τρεῖς'];['m-p---fa-']
1954;τρίτην;['τρίτος'];['a-s---fa-']
1955;τριακοσίων;['τριακόσιοι'];['m-p---ng-']
1956;τριβῇ;['τριβή'];['n-s---fd-']
1957;τρόπον;['τρόπος'];['n-s---ma-']
1958;τρόπῳ;['τρόπος'];['n-s---md-']
1959;τρόφιμον;['τρόφιμος'];['a-s---ma-']
1960;τροφὴ;['τροφή'];['n-s---fn-']
1961;τροφὴν;['τροφή'];['n-s---fa-']
1962;τροφήν;['τροφή'];['n-s---fa-']
1963;τροφῆς;['τροφή'];['n-s---fg-']
1964;τρὺξ;['τρύξ'];['n-s---fn-']
1965;τρύξ;['τρύξ'];['n-s---fn-']
1966;τρυγὶ;['τρύξ'];['n-s---fd-']
1967;τρωθῇ;['τιτρώσκω'];['v3sasp---']
1968;τυχὸν;['τυγχάνω'];['v-sapana-']
1969;τῷ;['ὁ'];['l-s---nd-', 'l-s---md-']
1970;τῶν;['ὁ'];['l-p---ng-', 'l-p---mg-', 'l-p---fg-']
1971;τ’;['τε'];['c--------']
1972;ὕδερος;['ὕδερος'];['n-s---mn-']
1973;ὕδωρ;['ὕδωρ'];['n-s---nn-']
1974;ὕες;['ὗς'];['n-p---mn-']
1975;ὕλης;['ὕλη'];['n-s---fg-']
1976;ὕστερον;['ὕστερον'];['d-------c']
1977;ὑγιαίνει;['ὑγιαίνω'];['v3spia---']
1978;ὑγιαίνοντάς;['ὑγιαίνω'];['v-pppama-']
1979;ὑγιαίνουσι;['ὑγιαίνω'];['v-pppand-', 'v-pppamd-']
1980;ὑγιαίνουσιν;['ὑγιαίνω'];['v-pppamd-']
1981;ὑγιαινόντων;['ὑγιαίνω'];['v-pppamg-']
1982;ὑγιεινότατον;['ὑγιεινός'];['a-s---nas']
1983;ὑγιεινοὶ;['ὑγιεινός'];['a-p---mn-']
1984;ὑγρᾷ;['ὑγρός'];['a-s---fd-']
1985;ὑγρασία;['ὑγρασία'];['n-s---fn-']
1986;ὑγρὸν;['ὑγρός'];['a-s---na-']
1987;ὑγρότητα;['ὑγρότης'];['n-s---fa-']
1988;ὑγρότητος;['ὑγρότης'];['n-s---fg-']
1989;ὑγροτέρα;['ὑγρός'];['a-s---fnc']
1990;ὑγροτέρας;['ὑγρός'];['a-s---fgc']
1991;ὑγρῶν;['ὑγρός'];['a-p---ng-']
1992;ὑδατώδεα;['ὑδατώδης'];['a-p---nn-']
1993;ὑδατώδη;['ὑδατώδης'];['a-s---ma-', 'a-s---fa-']
1994;ὑδατώδης;['ὑδατώδης'];['a-s---mn-']
1995;ὑδατώδους;['ὑδατώδης'];['a-s---fg-']
1996;ὑδατῶδες;['ὑδατώδης'];['a-s---nn-']
1997;ὑδέρους;['ὕδερος'];['n-p---ma-']
1998;ὑδέρων;['ὕδερος'];['n-p---mg-']
1999;ὑδερικοῖς;['ὑδερικός'];['a-p---md-']
2000;ὑδερικοὺς;['ὑδερικός'];['a-p---ma-']
2001;ὑδεριώδεσιν;['ὑδεριώδης'];['a-p---md-']
2002;ὑδρα;['ὐδρος'];['a-p---na-']
2003;ὑδραγωγὰ;['ὑδραγωγός'];['a-p---na-']
2004;ὑδραγωγὸν;['ὑδραγωγός'];['a-s---na-']
2005;ὑδραγωγῶν;['ὑδραγωγός'];['a-p---ng-']
2006;ὑπάρχειν;['ὑπάρχω'];['v--pna---']
2007;ὑπαγορεύει;['ὑπαγορεύω'];['v3spia---']
2008;ὑπαχθέντες;['ὑπάγω'];['v-pappmn-']
2009;ὑπὲρ;['ὑπέρ'];['r--------']
2010;ὑπέλαβε;['ὑπολαμβάνω'];['v3saia---']
2011;ὑπέρυθρός;['ὑπέρυθρος'];['a-s---fn-']
2012;ὑπέρυθρον;['ὑπέρυθρος'];['a-s---nn-']
2013;ὑπερβάντα;['ὑπερβαίνω'];['v-sapama-']
2014;ὑπερέβαλεν;['ὑπερβάλλω'];['v3saia---']
2015;ὑπερκειμένην;['ὑπέρκειμαι'];['v-sppmfa-']
2016;ὑπεροπτηθέντος;['ὑπεροπτάω'];['v-sappng-']
2017;ὑπεροπτηθείσης;['ὑπεροπτάω'];['v-sappfg-']
2018;ὑπερπιμπλάμενον;['ὑπερπίμπλημι'];['v-sppmnn-']
2019;ὑπερύθρους;['ὑπέρυθρος'];['a-p---ma-']
2020;ὑπὸ;['ὑπό'];['r--------']
2021;ὑπόκειται;['ὑπόκειμαι'];['v3spim---']
2022;ὑπόμνημα;['ὑπόμνημα'];['n-s---nn-']
2023;ὑπόστασις;['ὑπόστασις'];['n-s---fn-']
2024;ὑπολείπεται;['ὑπολείπω'];['v3spim---']
2025;ὑπολειπόμενον;['ὑπολείπω'];['v-sppmnn-']
2026;ὑπομένουσί;['ὑπομένω'];['v3ppia---']
2027;ὑπομνήμασι;['ὑπόμνημα'];['n-p---nd-']
2028;ὑπομνήμασιν;['ὑπόμνημα'];['n-p---nd-']
2029;ὑποστάθμης;['ὑποστάθμη'];['n-s---fg-']
2030;ὑποστάσιες;['ὑπόστασις'];['n-p---fn-']
2031;ὑπ’;['ὑπό'];['r--------']
2032;ὑστεραίαν;['ὑστεραῖος'];['a-s---fa-']
2033;ὑφίσταταί;['ὑφίστημι'];['v3spim---']
2034;ὑφ’;['ὑπό'];['r--------']
2035;ὑῶν;['ὗς'];['n-p---mg-']
2036;φάρμακα;['φάρμακον'];['n-p---na-']
2037;φάρμακον;['φάρμακον'];['n-s---na-']
2038;φάσκοντας;['φάσκω'];['v-pppama-']
2039;φαίη;['φημί'];['v3spoa---']
2040;φαίνεσθαι;['φαίνω'];['v--pnm---']
2041;φαίνεται;['φαίνω'];['v3spim---']
2042;φαίνηται;['φαίνω'];['v3spsm---']
2043;φαίνονται;['φαίνω'];['v3ppim---']
2044;φαινόμενα;['φαίνω'];['v-pppmna-', 'v-pppmnn-']
2045;φαινόμενος;['φαίνω'];['v-sppmmn-']
2046;φαινομένου;['φαίνω'];['v-sppmng-']
2047;φαινομένων;['φαίνω'];['v-pppmfg-', 'v-pppmng-']
2048;φακὴ;['φακή'];['n-s---fn-']
2049;φαμεν;['φημί'];['v1ppia---']
2050;φαρμάκου;['φάρμακον'];['n-s---ng-']
2051;φαρμάκῳ;['φάρμακον'];['n-s---nd-']
2052;φαρμάκων;['φάρμακον'];['n-p---ng-']
2053;φασὶ;['φημί'];['v3ppia---']
2054;φασὶν;['φημί'];['v3ppia---']
2055;φασιν;['φημί'];['v3ppia---']
2056;φαυλότατα;['φαῦλος'];['a-p---nns']
2057;φαυλοτάτοις;['φαῦλος'];['a-p---nds']
2058;φέρεται;['φέρω'];['v3spim---']
2059;φερομένας;['φέρω'];['v-pppmfa-']
2060;φήσει;['φημί'];['v3sfia---']
2061;φησὶ;['φημί'];['v3spia---']
2062;φησὶν;['φημί'];['v3spia---']
2063;φησιν;['φημί'];['v3spia---']
2064;φιλοδοξίας;['φιλοδοξία'];['n-s---fg-']
2065;φιλονεικεῖν;['φιλονεικέω'];['v--pna---']
2066;φιλονεικία;['φιλονικία'];['n-s---fn-']
2067;φιλονεικοῦντα;['φιλονεικέω'];['v-sppama-']
2068;φιλονεικῶν;['φιλονεικέω'];['v-sppamn-']
2069;φιλοσόφων;['φιλόσοφος'];['n-p---mg-']
2070;φιλοτιμίας;['φιλοτιμία'];['n-s---fg-']
2071;φλαῦραι;['φλαῦρος'];['a-p---fn-']
2072;φλὲψ;['φλέψ'];['n-s---fn-']
2073;φλέβα;['φλέψ'];['n-s---fa-']
2074;φλέβας;['φλέψ'];['n-p---fa-']
2075;φλέγμα;['φλέγμα'];['n-s---nn-', 'n-s---na-']
2076;φλέγματος;['φλέγμα'];['n-s---ng-']
2077;φλεβὸς;['φλέψ'];['n-s---fg-']
2078;φλεβοτομεῖν;['φλεβοτομέω'];['v--pna---']
2079;φλεβοτομήσεις;['φλεβοτομέω'];['v2sfia---']
2080;φλεβοτομῆσαι;['φλεβοτομέω'];['v--ana---']
2081;φλεβοτομηθέντων;['φλεβοτομέω'];['v-pappmg-']
2082;φλεβοτομηθῆναι;['φλεβοτομέω'];['v--anp---']
2083;φλεβοτομίαις;['φλεβοτομία'];['n-p---fd-']
2084;φλεβοτομίαν;['φλεβοτομία'];['n-s---fa-']
2085;φλεβοτομίας;['φλεβοτομία'];['n-p---fa-']
2086;φλεβῶν;['φλέψ'];['n-p---fg-']
2087;φλεγματικὸς;['φλεγματικός'];['a-s---mn-']
2088;φλεγματικῶν;['φλεγματικός'];['a-p---ng-']
2089;φλεγματώδης;['φλεγματώδης'];['a-s---mn-']
2090;φλεγμοναὶ;['φλεγμονή'];['n-p---fn-']
2091;φλεγμονὴν;['φλεγμονή'];['n-s---fa-']
2092;φλεψὶ;['φλέψ'];['n-p---fd-']
2093;φλεψὶν;['φλέψ'];['n-p---fd-']
2094;φρασάτω;['φράζω'];['v3sama---']
2095;φρενίτισι;['φρένιτις'];['n-p---fd-']
2096;φρενῶν;['φρήν'];['n-p---fg-']
2097;φροντίδων;['φροντίς'];['n-p---fg-']
2098;φύσει;['φύσις'];['n-s---fd-']
2099;φύσεσι;['φύσις'];['n-p---fd-']
2100;φύσεως;['φύσις'];['n-s---fg-']
2101;φύσιν;['φύσις'];['n-s---fa-']
2102;φύσιος;['φύσις'];['n-s---fg-']
2103;φύσις;['φύσις'];['n-s---fn-']
2104;φυλάξαι;['φυλάσσω'];['v--ana---']
2105;φυλαττόμενος;['φυλάσσω'];['v-sppmmn-']
2106;φυσικῶν;['φυσικός'];['a-p---fg-']
2107;φωνῆς;['φωνή'];['n-s---fg-']
2108;χείρω;['κακός'];['a-s---mac']
2109;χεῖρον;['κακός'];['a-s---nnc']
2110;χολὰς;['χολή'];['n-p---fa-']
2111;χολαγωγὰ;['χολαγωγός'];['a-p---na-']
2112;χολὴ;['χολή'];['n-s---fn-']
2113;χολὴν;['χολή'];['n-s---fa-']
2114;χολή;['χολή'];['n-s---fn-']
2115;χολήν;['χολή'];['n-s---fa-']
2116;χολῇ;['χολή'];['n-s---fd-']
2117;χολῆς;['χολή'];['n-s---fg-']
2118;χολώδης;['χολώδης'];['a-s---fn-']
2119;χρείαν;['χρεία'];['n-s---fa-']
2120;χρὴ;['χρή'];['v3spia---']
2121;χρήσιμα;['χρήσιμος'];['a-p---na-']
2122;χρήσιμον;['χρήσιμος'];['a-s---ma-', 'a-s---nn-', 'a-s---na-']
2123;χρησάμενος;['χράω'];['v-sapmmn-']
2124;χρησίμῳ;['χρήσιμος'];['a-s---nd-']
2125;χρησίμως;['χρήσιμος'];['d--------']
2126;χρηστότατον;['χρηστός'];['a-s---nns', 'a-s---nas']
2127;χρηστοῦ;['χρηστός'];['a-s---ng-']
2128;χρόα;['χρώς'];['n-s---fn-']
2129;χρόαν;['χροιά'];['n-s---fa-']
2130;χρόας;['χροιά'];['n-s---fg-']
2131;χρόνον;['χρόνος'];['n-s---ma-']
2132;χρόνου;['χρόνος'];['n-s---mg-']
2133;χρόνῳ;['χρόνος'];['n-s---md-']
2134;χρονίζοντες;['χρονίζω'];['v-pppamn-']
2135;χρονιωτέρα;['χρόνιος'];['a-s---fnc']
2136;χρώμασι;['χρῶμα'];['n-p---nd-']
2137;χρώμασιν;['χρῶμα'];['n-p---nd-']
2138;χρώματα;['χρῶμα'];['n-p---na-']
2139;χρῶμα;['χρῶμα'];['n-s---nn-']
2140;χρῶνται;['χράω'];['v3ppim---']
2141;χυλοῦ;['χυλός'];['n-s---mg-']
2142;χυμὸν;['χυμός'];['n-s---ma-']
2143;χυμὸς;['χυμός'];['n-s---mn-']
2144;χυμόν;['χυμός'];['n-s---ma-']
2145;χυμοὶ;['χυμός'];['n-p---mn-']
2146;χυμοῖς;['χυμός'];['n-p---md-']
2147;χυμοὺς;['χυμός'];['n-p---ma-']
2148;χυμούς;['χυμός'];['n-p---ma-']
2149;χυμοῦ;['χυμός'];['n-s---mg-']
2150;χυμῷ;['χυμός'];['n-s---md-']
2151;χυμῶν;['χυμός'];['n-p---mg-']
2152;χώραις;['χώρα'];['n-p---fd-']
2153;χώραν;['χώρα'];['n-s---fa-']
2154;χώρας;['χώρα'];['n-p---fa-']
2155;χωρήσαντας;['χωρέω'];['v-papama-']
2156;χωρὶς;['χωρίς'];['r--------']
2157;χωρία;['χωρίον'];['n-p---na-']
2158;χωρίοις;['χωρίον'];['n-p---nd-']
2159;χωρίον;['χωρίον'];['n-s---na-']
2160;χωρισθῇ;['χωρίζω'];['v3sasp---']
2161;ψεύδονται;['ψεύδω'];['v3ppim---']
2162;ψεῦδος;['ψεῦδος'];['n-s---nn-']
2163;ψευδέσιν;['ψευδής'];['a-p---md-']
2164;ψευδεῖς;['ψευδής'];['a-p---fa-']
2165;ψευδῶς;['ψευδής'];['d--------']
2166;ψυχροτέρας;['ψυχρός'];['a-s---fgc']
2167;ᾠήθησαν;['οἴομαι'];['v3paip---']
2168;ὠθούσης;['ὠθέω'];['v-sppafg-']
2169;ὠθοῦσα;['ὠθέω'];['v-sppafn-']
2170;ὠμὰ;['ὠμός'];['a-p---na-']
2171;ὠμῶν;['ὠμός'];['a-p---ng-']
2172;ὠνόμασαν;['ὀνομάζω'];['v3paia---']
2173;ὠνόμασται;['ὀνομάζω'];['v3srim---']
2174;ὠνομάσθαι;['ὀνομάζω'];['v--rnm---']
2175;ὠφελήσεις;['ὠφελέω'];['v2sfia---']
2176;ὠφελοῦμέν;['ὠφελέω'];['v1ppia---']
2177;ὠφελοῦνται;['ὠφελέω'];['v3ppim---']
2178;ὠχρὰ;['ὠχρός'];['a-s---fn-']
2179;ὠχρὰν;['ὠχρός'];['a-s---fa-']
2180;ὠχρὸς;['ὠχρός'];['a-s---mn-']
2181;ὠχροτέρα;['ὠχρός'];['a-s---fnc']
2182;ὠχροῦ;['ὠχρός'];['a-s---mg-']
2183;ὠῶν;['ᾠόν'];['n-p---ng-']
2184;ὥραις;['ὥρα'];['n-p---fd-']
2185;ὥραν;['ὥρα'];['n-s---fa-']
2186;ὥρας;['ὥρα'];['n-p---fa-']
2187;ὥσθ’;['ὥστε'];['c--------']
2188;ὥσπερ;['ὥσπερ'];['c--------']
2189;ὥστε;['ὥστε'];['c--------']
2190;ὥστ’;['ὥστε'];['c--------']
2191;ᾧ;['ὅς'];['p-s---nd-']
2192;ὧν;['ὅς'];['p-p---mg-', 'p-p---fg-', 'p-p---ng-']
2193;ὡμιληκὼς;['ὁμιλέω'];['v-srpamn-']
2194;ὡμολόγησε;['ὁμολογέω'];['v3saia---']
2195;ὡς;['ὡς'];['c--------']
